-2.636760791576978
-2.6367607874470984
-2.636641292404515
-2.636641281890578
-2.6364469350367052
-2.6364467200016852
-2.636191637179642
-2.636191553461984
-2.635920594226424
-2.635920543164139
-2.634846961599554
-2.6348466837680715
-2.6344713791417593
-2.634470854561588
-2.6339347571398615
-2.633934098628126
-2.633320538747061
-2.6333198741917374
-2.6327067048739505
-2.6327061013578
-2.63224602423237
-2.632245805843118
-2.629823208506738
-2.6298229151820576
-2.629076000949113
-2.6290754295771706
-2.6281801413738632
-2.628179674496778
-2.6272824562227455
-2.6272818150431205
-2.6265513335315593
-2.626551081673794
-2.6207080583541873
-2.6207079004409217
-2.6201857971123417
-2.6201833262230534
-2.6192031013030115
-2.619200150939936
-2.6179472859856365
-2.6179374696776843
-2.6165909879401092
-2.6165849498403078
-2.615380577466179
-2.6153771597516142
-2.6117804560554436
-2.6117779129225327
-2.610537549666884
-2.610532519994841
-2.6090706208581387
-2.609068825345858
-2.6076833437364417
-2.6076697232004955
-2.606585633548262
-2.60657534333761
-2.6059616758103235
-2.6059565686915196
-2.593224696323001
-2.5932241797683298
-2.5920084704733646
-2.5920068366767035
-2.590315275997042
-2.59031518962536
-2.588418744381101
-2.588416272371983
-2.586656796570703
-2.586655248280954
-2.5804693077917227
-2.58046837480354
-2.5789596375559776
-2.578955322202694
-2.5768091982071892
-2.576804518791659
-2.5744788581341473
-2.5744682999712896
-2.572251987427905
-2.5722435443235794
-2.5705570796969295
-2.570552065971645
-2.564662071581007
-2.564660885234342
-2.562950474393624
-2.562948076909369
-2.561161117415388
-2.5611539721939907
-2.5596509662962053
-2.559650510430942
-2.5586491986717483
-2.5586490045468495
-2.521626669443227
-2.5213340768252355
-2.520414872766
-2.52036553846082
-2.5192427100479464
-2.5191937109327025
-2.517475695827055
-2.5171870722613723
-2.515070250009483
-2.515005173498158
-2.5127283643892198
-2.512690894851667
-2.505924100407363
-2.5058951685365303
-2.5035884439745386
-2.503588267289514
-2.5004881569216457
-2.5004311590722046
-2.4972568042985404
-2.4969839506143434
-2.494220457454492
-2.494054406639704
-2.492101973074234
-2.4920028792257054
-2.4784234358373607
-2.4784202949198777
-2.4757206237631046
-2.475701644001901
-2.4723946983073266
-2.471961422817636
-2.4684237041978685
-2.468403898061677
-2.4654001823322247
-2.4653958074907094
-2.452779880938987
-2.452453805784259
-2.4507271821292163
-2.4506503519900007
-2.447558666689652
-2.447497049450486
-2.443949800990412
-2.4438742971390606
-2.4403554878794815
-2.4403529405113433
-2.4373307056676485
-2.437330378722547
-2.4300772356204057
-2.430019102770108
-2.428020251138854
-2.427972618528966
-2.4256617675202614
-2.4256268725613936
-2.423640612814859
-2.423628963738652
-2.422196009680406
-2.4221891441338976
-2.4214050560189118
-2.421403324302988
-2.3363660201142062
-2.336365586345051
-2.335018815554965
-2.335017373522158
-2.332903826837218
-2.332894904112339
-2.3302325367756023
-2.330227665813171
-2.3275044309439727
-2.327501313838317
-2.317683254577483
-2.3176723862536104
-2.3147259984298927
-2.3147061689308175
-2.3105549584132596
-2.31053451822284
-2.3059833781625776
-2.305955276118156
-2.3015655362055747
-2.3015432919250696
-2.298225933458413
-2.2982157202497815
-2.28394662146793
-2.283939833328961
-2.279830856400592
-2.279818578632294
-2.2751069044106775
-2.275101273016068
-2.2706428161594374
-2.2706329741055984
-2.2672293251797817
-2.2672258848847213
-2.2359253083004362
-2.235923743865705
-2.2340786596821443
-2.2340298091384763
-2.2304050071210173
-2.230354922487825
-2.225614951638349
-2.225457513268879
-2.2203217702186033
-2.220254791843192
-2.2155239873032073
-2.21548896404688
-2.202551591907026
-2.202521884069319
-2.1983504737134
-2.1983009747720357
-2.1931222026004105
-2.193106604340907
-2.188109261363327
-2.187981284538518
-2.1838987552147953
-2.1838227935752705
-2.1813041306489223
-2.181270441255019
-2.1517600245358097
-2.1517554312142604
-2.14822307408847
-2.148210746682241
-2.14358874713123
-2.1435844360173864
-2.138686436636684
-2.138671198345557
-2.134332723898429
-2.134324567002717
-2.1198403089813627
-2.119833403606493
-2.116934383781456
-2.1169126780865817
-2.112727829018541
-2.112707315513957
-2.1083389027467416
-2.1083040554303896
-2.1043302106319377
-2.10430720036105
-2.101370205001322
-2.101358694607113
-2.0927399211386777
-2.092737158927172
-2.09049686036383
-2.0904923017664983
-2.088309171085341
-2.08830005058796
-2.0865965286743617
-2.08659569033688
-2.0855283741061257
-2.085528086776966
-1.9059204080124579
-1.905431254237982
-1.854185292720454
-1.8540312391010663
-1.853331711280262
-1.8530451369635283
-1.851872006623906
-1.8508692481707254
-1.8488441352475795
-1.8488377005933332
-1.845954140147778
-1.8459045159115743
-1.8401647660959428
-1.8398440634368083
-1.83491534803862
-1.8348686950101472
-1.8302141549012128
-1.8302050610466631
-1.8251642136265038
-1.8247413454424148
-1.8197737213273897
-1.8197305860696784
-1.8156645253097377
-1.8156467878313944
-1.7957852079725547
-1.7956244161315207
-1.791739716434365
-1.7911848569915645
-1.787065567163286
-1.7837536630814896
-1.7779806145241415
-1.7769328698110223
-1.772170237586129
-1.77185836143529
-1.7573221662387362
-1.756510394066485
-1.743046268157595
-1.742179839900138
-1.7378871655741865
-1.7367632473720422
-1.7317786605872851
-1.7280769876192705
-1.7226557204469632
-1.721956832752001
-1.715760780280994
-1.7152694987119337
-1.702440183135083
-1.7017480884344574
-1.695833201833028
-1.6956987631076144
-1.6896426867389376
-1.6893859709520858
-1.684822753577303
-1.681665950879838
-1.679046626895724
-1.6779397887804663
-1.6762066776459794
-1.675596269985633
-1.6024099458010679
-1.6023749633661466
-1.5991830947033774
-1.599082289182607
-1.5943150392820755
-1.5939448919942991
-1.588105802943344
-1.5878773692121244
-1.5819502484807213
-1.581809420478531
-1.564168776162713
-1.5640747914905728
-1.5588228628766685
-1.5584638823622976
-1.5513909621222377
-1.5510527132077214
-1.5436965873754669
-1.5424586230622566
-1.5355560768444314
-1.5349467906893577
-1.529099317026715
-1.5287535961284426
-1.508521582071486
-1.508392298096913
-1.5031008597504774
-1.5027866228358373
-1.4967837069913639
-1.495951729025251
-1.4903121790187088
-1.490275186262685
-1.486002899433125
-1.4859901725908768
-1.4586625991449866
-1.4571899380066717
-1.4206328447122358
-1.419667979710544
-1.4178536285256418
-1.4164358191688742
-1.4138713664359923
-1.4088440674858826
-1.4048025034438405
-1.404381826256803
-1.3985981364501854
-1.3980763343548503
-1.387904913426523
-1.3867101536032436
-1.3796475837168358
-1.379041382180874
-1.3728681571444372
-1.3724632703878716
-1.3675437002802626
-1.3621661605823239
-1.3590594751859315
-1.3570285150027377
-1.3544427878496126
-1.35299470529804
-1.3283352178369445
-1.3275446352750364
-1.325313237810943
-1.3239080913301235
-1.3218076584019645
-1.3152302950593928
-1.311539772205716
-1.309495309214728
-1.3061764523583268
-1.3055786296076286
-1.2998810718644134
-1.2980993198479964
-1.287937636566417
-1.2878704174810347
-1.2844031065118238
-1.2842114306135493
-1.2806829565718219
-1.2792577249135597
-1.2759071300447258
-1.2757233294067003
-1.272461675686901
-1.2722621726368681
-1.2676371368596955
-1.266779874361164
-1.264426345216274
-1.2643919710552827
-1.2625208541575887
-1.262430671335555
-1.261213789008089
-1.2592427079860349
-1.258965678358786
-1.2584878350044915
-1.258331942172502
-1.2576207360445972
-0.6727779424245102
-0.6727714395102711
-0.672254148472525
-0.6722402357428698
-0.6702452919079288
-0.6699089078513725
-0.6672210055050406
-0.6671878358649778
-0.6656469175997163
-0.6656056663321542
-0.6569510844855395
-0.6566278345764689
-0.6545697354579703
-0.6545420520726049
-0.6511565271842268
-0.6510847472806796
-0.6469050376982876
-0.6459226160071291
-0.6428187085419511
-0.6419829677080721
-0.6394953118065213
-0.6389022319796651
-0.6213564919514614
-0.621296522044156
-0.6177526200400302
-0.6175228175454361
-0.6133769851532693
-0.6090481435282005
-0.6011315565473664
-0.6009562622689574
-0.5974406700424262
-0.5973798734254442
-0.5760548224548692
-0.5690015933925343
-0.5620855107713201
-0.5616596790207907
-0.5568844191027748
-0.5565739060372977
-0.5504491808623216
-0.5482094541728235
-0.5414390110385797
-0.5413534126623809
-0.5339109712101858
-0.5338582495586701
-0.5186305379965487
-0.5168296040913123
-0.5108800713842641
-0.5102413420047882
-0.5030149699767057
-0.5021452480119611
-0.49542100682171075
-0.49388905431199437
-0.4883648875504682
-0.48791353716660785
-0.4841913461486002
-0.48392438948532296
-0.43099948993266946
-0.4308024712910738
-0.4270198356472379
-0.42676769378563856
-0.42156361230965667
-0.4168035389544804
-0.4079545749696879
-0.40678871419464535
-0.4015279191773878
-0.4008242418614295
-0.3815002091960386
-0.37924633232589317
-0.3725040277807626
-0.3705347900055094
-0.365310300343015
-0.3630423523298996
-0.35781164228877493
-0.3523439868429348
-0.34797038281573955
-0.3454146754644437
-0.3412802744182003
-0.33981295824970525
-0.31991696473516035
-0.3176703719219659
-0.3160299035060093
-0.3136489340415186
-0.31239659287443666
-0.30508390257227047
-0.29839789972782116
-0.2982436529155432
-0.2966097623799004
-0.29658093169994626
-0.28857329734362347
-0.2557583337533589
-0.16085603288218442
-0.15582110719589623
-0.15566992329757376
-0.15453466476954
-0.15432207235229933
-0.1431524750265658
-0.13917379885062087
-0.13819010536590876
-0.1354508307572742
-0.1334394472925261
-0.1295484556296362
-0.1282598642232953
-0.12448774977673072
-0.12170436400671117
-0.11909843604526012
-0.11758454192768886
-0.11471039015853579
-0.09798457009257011
-0.09771454897433504
-0.09595015477164467
-0.095752426976618
-0.0851238886695298
-0.07619570299385625
-0.06876797383990468
-0.06872441123657479
-0.06830284482942804
-0.0682691856943439
-3.571138839556995e-10
3.571150814916977e-10
0.06826918569434422
0.06830284482942814
0.0687244112365751
0.06876797383990474
0.0761957029938567
0.08512388866953158
0.0957524269766179
0.0959501547716443
0.09771454897433487
0.09798457009256967
0.11471039015853579
0.11758454192768919
0.11909843604526063
0.12170436400671036
0.12448774977673294
0.12825986422329527
0.12954845562963618
0.1334394472925269
0.1354508307572744
0.1381901053659087
0.13917379885062114
0.1431524750265658
0.1543220723522995
0.15453466476954023
0.15566992329757393
0.1558211071958963
0.1608560328821853
0.25575833375335977
0.2885732973436239
0.296580931699947
0.29660976237990083
0.2982436529155438
0.29839789972782166
0.30508390257227314
0.3123965928744373
0.31364893404151906
0.31602990350601023
0.3176703719219663
0.31991696473516085
0.33981295824970675
0.34128027441820036
0.3454146754644447
0.3479703828157401
0.3523439868429352
0.3578116422887745
0.36304235232990023
0.36531030034301604
0.3705347900055101
0.37250402778076397
0.37924633232589383
0.38150020919604016
0.4008242418614299
0.4015279191773883
0.4067887141946457
0.4079545749696881
0.41680353895448263
0.4215636123096562
0.4267676937856388
0.4270198356472379
0.43080247129107413
0.4309994899326696
0.48392438948532357
0.4841913461486008
0.4879135371666083
0.48836488755046886
0.49388905431199476
0.49542100682171114
0.5021452480119619
0.5030149699767064
0.5102413420047892
0.5108800713842649
0.5168296040913128
0.518630537996549
0.5338582495586703
0.5339109712101865
0.5413534126623812
0.5414390110385803
0.5482094541728237
0.5504491808623224
0.5565739060372978
0.556884419102775
0.561659679020791
0.5620855107713207
0.5690015933925352
0.57605482245487
0.5973798734254453
0.5974406700424273
0.6009562622689577
0.6011315565473665
0.6090481435282018
0.613376985153272
0.6175228175454366
0.6177526200400308
0.621296522044157
0.6213564919514623
0.6389022319796666
0.6394953118065213
0.6419829677080728
0.6428187085419519
0.6459226160071297
0.646905037698288
0.6510847472806802
0.6511565271842281
0.6545420520726061
0.6545697354579715
0.6566278345764704
0.6569510844855405
0.6656056663321539
0.6656469175997157
0.6671878358649778
0.6672210055050405
0.6699089078513741
0.6702452919079285
0.6722402357428702
0.6722541484725247
0.6727714395102714
0.6727779424245101
1.2576207360445988
1.2583319421725023
1.2584878350044917
1.2589656783587866
1.2592427079860355
1.2612137890080903
1.2624306713355558
1.262520854157589
1.2643919710552827
1.2644263452162747
1.266779874361164
1.267637136859696
1.2722621726368686
1.2724616756869014
1.2757233294067007
1.275907130044726
1.2792577249135602
1.2806829565718225
1.28421143061355
1.2844031065118244
1.2878704174810356
1.2879376365664181
1.2980993198479969
1.2998810718644136
1.3055786296076284
1.3061764523583266
1.3094953092147281
1.3115397722057163
1.3152302950593944
1.3218076584019645
1.323908091330124
1.3253132378109433
1.3275446352750364
1.3283352178369445
1.3529947052980413
1.3544427878496137
1.3570285150027381
1.3590594751859324
1.362166160582325
1.3675437002802642
1.3724632703878716
1.3728681571444374
1.379041382180874
1.3796475837168365
1.386710153603244
1.3879049134265233
1.398076334354851
1.3985981364501858
1.4043818262568037
1.4048025034438407
1.4088440674858842
1.4138713664359939
1.416435819168875
1.4178536285256431
1.4196679797105451
1.420632844712237
1.4571899380066713
1.4586625991449875
1.485990172590877
1.4860028994331254
1.4902751862626848
1.4903121790187088
1.4959517290252515
1.496783706991364
1.502786622835837
1.5031008597504771
1.508392298096913
1.5085215820714861
1.528753596128443
1.5290993170267155
1.5349467906893581
1.5355560768444318
1.5424586230622575
1.543696587375467
1.5510527132077216
1.5513909621222381
1.5584638823622974
1.5588228628766687
1.5640747914905733
1.5641687761627134
1.581809420478531
1.5819502484807213
1.5878773692121242
1.588105802943344
1.5939448919942993
1.594315039282075
1.5990822891826069
1.5991830947033772
1.6023749633661464
1.6024099458010677
1.6755962699856342
1.6762066776459805
1.677939788780467
1.679046626895725
1.681665950879839
1.6848227535773053
1.6893859709520864
1.6896426867389376
1.695698763107614
1.6958332018330282
1.7017480884344578
1.7024401831350833
1.7152694987119341
1.7157607802809942
1.7219568327520016
1.722655720446964
1.7280769876192719
1.7317786605872865
1.7367632473720418
1.737887165574187
1.7421798399001385
1.7430462681575958
1.7565103940664852
1.7573221662387362
1.7718583614352903
1.7721702375861295
1.7769328698110225
1.7779806145241417
1.783753663081491
1.787065567163287
1.7911848569915645
1.7917397164343651
1.7956244161315211
1.795785207972555
1.8156467878313953
1.8156645253097383
1.8197305860696789
1.8197737213273903
1.824741345442416
1.8251642136265052
1.830205061046664
1.8302141549012136
1.8348686950101474
1.8349153480386202
1.8398440634368087
1.8401647660959433
1.845904515911575
1.8459541401477784
1.8488377005933336
1.84884413524758
1.850869248170728
1.8518720066239083
1.8530451369635286
1.8533317112802628
1.854031239101067
1.8541852927204554
1.9054312542379828
1.9059204080124588
2.0855280867769665
2.085528374106126
2.086595690336881
2.0865965286743626
2.0883000505879603
2.0883091710853416
2.0904923017664987
2.0904968603638303
2.0927371589271724
2.092739921138678
2.101358694607114
2.1013702050013228
2.1043072003610503
2.104330210631938
2.1083040554303905
2.108338902746742
2.1127073155139575
2.112727829018542
2.1169126780865826
2.116934383781457
2.119833403606494
2.1198403089813636
2.1343245670027176
2.1343327238984298
2.1386711983455577
2.138686436636685
2.1435844360173872
2.143588747131231
2.1482107466822415
2.1482230740884702
2.151755431214261
2.15176002453581
2.1812704412550197
2.1813041306489227
2.183822793575271
2.1838987552147957
2.1879812845385183
2.1881092613633277
2.193106604340906
2.19312220260041
2.198300974772036
2.1983504737134005
2.202521884069319
2.2025515919070267
2.2154889640468802
2.2155239873032078
2.2202547918431925
2.220321770218604
2.22545751326888
2.22561495163835
2.230354922487825
2.2304050071210173
2.2340298091384767
2.2340786596821447
2.235923743865706
2.2359253083004376
2.2672258848847213
2.2672293251797817
2.270632974105599
2.270642816159438
2.275101273016068
2.275106904410678
2.279818578632294
2.279830856400592
2.283939833328961
2.2839466214679303
2.298215720249782
2.2982259334584136
2.30154329192507
2.301565536205575
2.305955276118156
2.3059833781625776
2.3105345182228407
2.31055495841326
2.314706168930818
2.3147259984298927
2.317672386253611
2.317683254577483
2.327501313838317
2.327504430943973
2.3302276658131715
2.3302325367756023
2.332894904112339
2.332903826837218
2.3350173735221587
2.3350188155549656
2.336365586345051
2.3363660201142062
2.421403324302989
2.4214050560189126
2.4221891441338985
2.4221960096804063
2.4236289637386523
2.4236406128148595
2.4256268725613945
2.4256617675202623
2.4279726185289667
2.428020251138855
2.430019102770109
2.4300772356204066
2.437330378722549
2.4373307056676508
2.4403529405113438
2.440355487879482
2.443874297139062
2.4439498009904135
2.4474970494504866
2.4475586666896523
2.4506503519900007
2.4507271821292163
2.45245380578426
2.452779880938988
2.4653958074907103
2.4654001823322256
2.4684038980616774
2.468423704197869
2.4719614228176368
2.472394698307327
2.4757016440019015
2.475720623763105
2.478420294919878
2.478423435837361
2.4920028792257067
2.4921019730742353
2.4940544066397043
2.4942204574544924
2.4969839506143443
2.4972568042985412
2.500431159072205
2.5004881569216457
2.5035882672895187
2.5035884439745426
2.5058951685365307
2.505924100407363
2.512690894851667
2.51272836438922
2.5150051734981584
2.515070250009483
2.5171870722613736
2.5174756958270565
2.5191937109327025
2.519242710047947
2.5203655384608203
2.5204148727660014
2.521334076825236
2.5216266694432283
2.5586490045468495
2.5586491986717483
2.559650510430942
2.5596509662962053
2.561153972193991
2.561161117415388
2.5629480769093695
2.5629504743936247
2.564660885234342
2.564662071581007
2.570552065971646
2.5705570796969304
2.5722435443235803
2.5722519874279057
2.5744682999712905
2.5744788581341482
2.57680451879166
2.57680919820719
2.5789553222026944
2.5789596375559785
2.5804683748035413
2.580469307791724
2.586655248280954
2.586656796570703
2.588416272371983
2.5884187443811015
2.5903151896253602
2.5903152759970425
2.5920068366767035
2.592008470473365
2.59322417976833
2.5932246963230012
2.60595656869152
2.605961675810324
2.6065753433376107
2.6065856335482622
2.6076697232004964
2.6076833437364426
2.6090688253458585
2.609070620858139
2.610532519994842
2.610537549666885
2.6117779129225336
2.6117804560554445
2.6153771597516147
2.6153805774661794
2.616584949840308
2.6165909879401097
2.617937469677685
2.6179472859856374
2.6192001509399363
2.619203101303012
2.620183326223054
2.620185797112342
2.620707900440922
2.6207080583541877
2.626551081673794
2.6265513335315593
2.627281815043121
2.627282456222746
2.628179674496778
2.628180141373863
2.629075429577171
2.6290760009491136
2.629822915182058
2.6298232085067386
2.632245805843118
2.6322460242323706
2.6327061013578006
2.632706704873951
2.6333198741917383
2.633320538747062
2.6339340986281266
2.633934757139862
2.6344708545615885
2.6344713791417598
2.6348466837680724
2.6348469615995547
2.6359205431641395
2.6359205942264246
2.6361915534619844
2.6361916371796426
2.636446720001686
2.636446935036706
2.636641281890578
2.636641292404515
2.636760787447098
2.636760791576978
