-2.6367981561663383
-2.63679407878395
-2.6365399370618365
-2.6365332733005724
-2.6363113113381638
-2.6363007420199995
-2.6356981372263135
-2.635692078540275
-2.6348593018236954
-2.63484818871245
-2.6343033225533525
-2.6342968978937065
-2.6334628189606306
-2.6334574593327926
-2.632754114954891
-2.6327492169145357
-2.6310313376441354
-2.6310124500792056
-2.6300520571130734
-2.630050752004821
-2.6285227004204725
-2.6284962468992967
-2.627585529394352
-2.627580780775356
-2.6262161151656027
-2.626215664248277
-2.6203328450466254
-2.6203294270958772
-2.619576467210571
-2.6195678001842477
-2.617762176598174
-2.6177423173576466
-2.61654943928835
-2.616543111193135
-2.613549054581893
-2.6135418065510017
-2.610624993927454
-2.6106215005079383
-2.6093839510357117
-2.6093540750576913
-2.6073090745858236
-2.607303198593829
-2.606478326287037
-2.6064695207727273
-2.5937167232435514
-2.5937053736113196
-2.591418014133984
-2.5914121506275754
-2.589625995536486
-2.589590746760434
-2.5860613919999924
-2.5860545578023726
-2.583635781127902
-2.583603276707952
-2.578838584436407
-2.5788226399765772
-2.576226469184767
-2.576219255507217
-2.573016451335448
-2.572988928294205
-2.5704983489588593
-2.570441436377536
-2.565938281571965
-2.5659001115500497
-2.5621954607438546
-2.5621277645921956
-2.56049781043919
-2.560444240654366
-2.5583577233748827
-2.55832242706404
-2.5215865706999705
-2.521280675603748
-2.520530751773211
-2.520419863011247
-2.518060921283658
-2.518058836668967
-2.5160866918049067
-2.5158243385153938
-2.5105081052121494
-2.510437391664905
-2.5057586963439458
-2.505684314819723
-2.502919070928484
-2.5026422586116075
-2.4977070297377533
-2.4975632638287455
-2.4945517144711955
-2.4943697174033845
-2.4848908960842597
-2.4844874677462148
-2.4794116254478076
-2.47931006049494
-2.47393654145411
-2.4731348164493383
-2.4698187112279104
-2.4693438088489614
-2.463865281237008
-2.4637097204533758
-2.452050790548403
-2.4515825833198845
-2.4489321327123856
-2.4487494156833916
-2.4438560348705876
-2.4436958135832048
-2.4404324070735557
-2.440404544076936
-2.433064896263435
-2.4330255495740576
-2.4284384255195754
-2.4283483196917763
-2.426433752220335
-2.4263589417357574
-2.423300434735071
-2.4232748996130837
-2.422136648620783
-2.422126667804837
-2.336812661961845
-2.3367958883076687
-2.3340510659750406
-2.3340381182122236
-2.3316805439375137
-2.3316048680024934
-2.325834106148769
-2.3258208929168807
-2.320722135626233
-2.3205353014402053
-2.3141734866118875
-2.3141156931517193
-2.30857380304998
-2.3084747520585545
-2.3026716416288004
-2.3026083650072944
-2.296413322312038
-2.29621407479305
-2.2863375875455225
-2.286325854943843
-2.2775738518907223
-2.277504231343146
-2.272878158994441
-2.2728733720261487
-2.2659857839841457
-2.265968380209888
-2.235326902100437
-2.2353153221379016
-2.2329649468890254
-2.2329300299641917
-2.2262478185905605
-2.2261989644754476
-2.2214679570210834
-2.2212817130570817
-2.2097590852987277
-2.2097375374216313
-2.200233016946303
-2.200110048826707
-2.195686412563324
-2.195680190256795
-2.187719591265828
-2.1876011031799605
-2.1838995145459488
-2.1837883804421585
-2.15469116529998
-2.154377410672524
-2.1508829444103252
-2.1504349537193406
-2.143993116177413
-2.143803851633176
-2.138358421824019
-2.138034422659706
-2.130979432491206
-2.1308534608714647
-2.117254835454614
-2.117226856247556
-2.113045155487121
-2.112955831968716
-2.1065106401923
-2.1064784125757257
-2.1029534747672645
-2.1028714099678187
-2.0947945326359165
-2.0947332762935327
-2.089685144157382
-2.089647369294168
-2.0876622435197105
-2.0875965220898065
-2.085246886651111
-2.085215396995288
-2.0329513845465152
-2.0220182100239334
-1.905920408012379
-1.9054312542378882
-1.853332143741883
-1.8529048100871244
-1.85172550840011
-1.8511887235173798
-1.8474933794878239
-1.847109658453162
-1.8431058525435442
-1.8428548653787769
-1.837981118177761
-1.8376457613112651
-1.8294473559594178
-1.8291363162113567
-1.8230687222916588
-1.8228663310116435
-1.8171102997867796
-1.8166443352624766
-1.7985962426959283
-1.798030885317231
-1.7900306614744332
-1.7896264495575323
-1.7833010809489542
-1.7800902887301349
-1.770528010176325
-1.769891068755542
-1.7569399525709737
-1.7561952747438587
-1.7457716307138937
-1.7423741070246528
-1.7333837583825489
-1.732340367016263
-1.7262603424236924
-1.7243443540322352
-1.7095055155642036
-1.7085732134485898
-1.700990579830279
-1.6997257610189664
-1.6959227146653628
-1.6935211528160046
-1.6844594142889626
-1.6825888251082919
-1.679974625917262
-1.6782453130647434
-1.6398743099554955
-1.636639658034196
-1.603679449085915
-1.6032596633760305
-1.5964270039298099
-1.5959531200214396
-1.590472309843027
-1.5899016792689877
-1.5778924901347993
-1.5773153855029978
-1.561923631839007
-1.5618584246500726
-1.5547368358276046
-1.5541101176575414
-1.5424400658505872
-1.5423415893555084
-1.5351345142811754
-1.5347951872293597
-1.5139107528237714
-1.513296433780009
-1.5021669553748884
-1.5020642624453246
-1.4962684683407883
-1.4951669809291241
-1.4856003219545646
-1.4852762889559046
-1.4770281165538017
-1.4735774407669477
-1.4586577483240661
-1.457184381772757
-1.4176032449238425
-1.4153199094495086
-1.4128118926919482
-1.4101139034275596
-1.4017138416253783
-1.3990232727499277
-1.3925409447371044
-1.3912325683155204
-1.3838376382390567
-1.382302856679202
-1.3710530073069718
-1.3699694215994398
-1.363124273958536
-1.3615283434188612
-1.3554649254042503
-1.3522772804333913
-1.3304704643438858
-1.329296056176824
-1.324749277970453
-1.3225169024389336
-1.315744955569757
-1.3123219840976303
-1.305470681129265
-1.3038017269569646
-1.2990754299095637
-1.2973958459433017
-1.287865675248006
-1.287139927791362
-1.281625768490722
-1.2811075378705392
-1.27735719477943
-1.2763919532479808
-1.269630558517472
-1.2688790053948793
-1.266271595323047
-1.2655267649885524
-1.2640581897114747
-1.2627043262734854
-1.2606395925206824
-1.259530126491572
-1.2594828482273712
-1.25851236574381
-1.140710058555197
-1.0848842089229889
-0.6732237215675748
-0.6723621210135162
-0.6717890456353606
-0.6706379465448362
-0.6700156415080704
-0.6676505663437057
-0.6643481139121585
-0.6624764907079127
-0.6577697150445749
-0.6554715057043795
-0.6548146970208671
-0.6529199209632042
-0.6472910627361013
-0.646926282302222
-0.6435288293539869
-0.642878150547725
-0.6299188902754299
-0.6277966839040342
-0.6225794095677639
-0.6225745940719469
-0.6156983818449291
-0.6141422435973964
-0.6024546492486348
-0.6013117502383194
-0.5958613432943596
-0.5953644864136324
-0.5759188433202995
-0.5687608099571442
-0.5577814050769815
-0.5570233109598971
-0.5495468028493539
-0.5494104994161966
-0.5399049131220115
-0.539858464807549
-0.5259118167749354
-0.5242444942211595
-0.514280096030446
-0.512017762414903
-0.5037376899465138
-0.5028559353306855
-0.4927275657807348
-0.49269339314365745
-0.4874662919462042
-0.48698949582352985
-0.43342411615386384
-0.43181960101504063
-0.42502448041438173
-0.42332158129364705
-0.4204078136185891
-0.4098393363948376
-0.39904016492357464
-0.39521251882736275
-0.3877915992589571
-0.38099149007617417
-0.3771350494317755
-0.37678617028557276
-0.3610585962452329
-0.3590866488361055
-0.35328213057969426
-0.3500976859467122
-0.3409512241155799
-0.33276164248896745
-0.3259387007654295
-0.3207467654956151
-0.3172331442795824
-0.31238610561552527
-0.30235331619164546
-0.2997448344469092
-0.29793336029216744
-0.2952164054078731
-0.28857126443827097
-0.25575830680588085
-0.1558995096785115
-0.15450214196691586
-0.15380154294533124
-0.14784507586824258
-0.1417125174512237
-0.13865644859456783
-0.13380833267009196
-0.1320685739910918
-0.12680566370964824
-0.12525046040887594
-0.12041099545876088
-0.11743644476777693
-0.11090272092515585
-0.10154264947771435
-0.09955037001377136
-0.09529864875364824
-0.07639978203355598
-0.07506110645880998
-0.07019213202141326
-0.06942748561729692
-0.06768372154651137
-1.491469839659119e-8
1.4914698543677e-8
0.06768372154651185
0.06942748561729765
0.07019213202141504
0.0750611064588092
0.07639978203355544
0.09529864875364913
0.09955037001377139
0.10154264947771498
0.11090272092515585
0.11743644476777781
0.12041099545876
0.1252504604088758
0.12680566370964796
0.1320685739910912
0.13380833267009098
0.13865644859456738
0.14171251745122326
0.1478450758682417
0.15380154294533094
0.15450214196691628
0.1558995096785117
0.2557583068058813
0.2885712644382714
0.2952164054078734
0.29793336029216727
0.29974483444691047
0.30235331619164807
0.31238610561552704
0.3172331442795846
0.32074676549561687
0.32593870076542997
0.3327616424889701
0.3409512241155821
0.35009768594671353
0.3532821305796965
0.3590866488361063
0.3610585962452337
0.37678617028557304
0.377135049431775
0.3809914900761746
0.38779159925895934
0.3952125188273645
0.3990401649235764
0.4098393363948385
0.4204078136185898
0.4233215812936481
0.4250244804143831
0.43181960101504024
0.43342411615386345
0.48698949582352996
0.48746629194620456
0.4926933931436575
0.4927275657807346
0.5028559353306857
0.503737689946514
0.5120177624149038
0.5142800960304466
0.5242444942211593
0.5259118167749351
0.539858464807549
0.5399049131220113
0.549410499416197
0.5495468028493535
0.5570233109598967
0.557781405076981
0.5687608099571433
0.5759188433202995
0.5953644864136328
0.5958613432943597
0.6013117502383207
0.6024546492486341
0.6141422435973961
0.6156983818449299
0.6225745940719477
0.6225794095677651
0.6277966839040343
0.6299188902754311
0.6428781505477255
0.6435288293539873
0.6469262823022224
0.6472910627361017
0.6529199209632043
0.6548146970208673
0.6554715057043796
0.6577697150445767
0.6624764907079121
0.6643481139121582
0.6676505663437056
0.6700156415080705
0.6706379465448378
0.6717890456353611
0.6723621210135158
0.6732237215675747
1.084884208922991
1.1407100585551984
1.2585123657438102
1.2594828482273723
1.2595301264915724
1.260639592520683
1.2627043262734854
1.2640581897114747
1.2655267649885527
1.2662715953230472
1.26887900539488
1.2696305585174723
1.2763919532479804
1.2773571947794293
1.2811075378705397
1.2816257684907224
1.2871399277913622
1.2878656752480064
1.2973958459433022
1.2990754299095644
1.3038017269569648
1.3054706811292651
1.31232198409763
1.3157449555697573
1.3225169024389338
1.3247492779704535
1.3292960561768243
1.3304704643438856
1.3522772804333936
1.3554649254042515
1.3615283434188616
1.3631242739585367
1.3699694215994398
1.371053007306972
1.382302856679202
1.383837638239057
1.3912325683155202
1.3925409447371042
1.3990232727499283
1.4017138416253785
1.4101139034275603
1.4128118926919493
1.4153199094495086
1.4176032449238423
1.4571843817727572
1.4586577483240661
1.4735774407669497
1.4770281165538028
1.4852762889559055
1.485600321954566
1.495166980929124
1.4962684683407883
1.502064262445325
1.5021669553748889
1.513296433780009
1.5139107528237714
1.53479518722936
1.5351345142811756
1.5423415893555092
1.5424400658505881
1.5541101176575416
1.5547368358276048
1.5618584246500726
1.561923631839007
1.5773153855029978
1.5778924901347995
1.5899016792689882
1.5904723098430271
1.5959531200214396
1.5964270039298099
1.6032596633760299
1.6036794490859143
1.6366396580341973
1.6398743099554962
1.6782453130647437
1.6799746259172625
1.6825888251082928
1.6844594142889626
1.6935211528160057
1.6959227146653633
1.6997257610189673
1.7009905798302798
1.7085732134485907
1.7095055155642052
1.724344354032235
1.7262603424236924
1.7323403670162638
1.733383758382549
1.7423741070246535
1.7457716307138949
1.7561952747438594
1.7569399525709741
1.769891068755542
1.7705280101763252
1.7800902887301344
1.7833010809489547
1.7896264495575323
1.7900306614744335
1.7980308853172313
1.7985962426959285
1.8166443352624766
1.8171102997867792
1.8228663310116437
1.823068722291659
1.8291363162113567
1.8294473559594178
1.8376457613112653
1.8379811181777614
1.842854865378777
1.8431058525435442
1.847109658453162
1.8474933794878239
1.85118872351738
1.8517255084001103
1.8529048100871242
1.8533321437418828
1.9054312542378877
1.9059204080123786
2.0220182100239366
2.0329513845465192
2.085215396995288
2.085246886651111
2.0875965220898074
2.0876622435197114
2.0896473692941684
2.0896851441573827
2.094733276293533
2.094794532635917
2.1028714099678196
2.1029534747672654
2.1064784125757265
2.106510640192301
2.1129558319687174
2.113045155487122
2.117226856247558
2.1172548354546152
2.130853460871464
2.1309794324912055
2.1380344226597066
2.1383584218240195
2.143803851633177
2.143993116177414
2.15043495371934
2.1508829444103257
2.1543774106725238
2.15469116529998
2.1837883804421594
2.1838995145459497
2.1876011031799614
2.1877195912658287
2.1956801902567973
2.1956864125633273
2.200110048826708
2.200233016946304
2.2097375374216326
2.2097590852987286
2.221281713057082
2.221467957021084
2.226198964475449
2.226247818590562
2.232930029964193
2.232964946889027
2.2353153221379016
2.235326902100437
2.265968380209887
2.2659857839841453
2.2728733720261496
2.272878158994442
2.2775042313431464
2.2775738518907227
2.2863258549438443
2.286337587545524
2.2962140747930513
2.2964133223120395
2.3026083650072944
2.3026716416288004
2.3084747520585545
2.3085738030499803
2.3141156931517197
2.314173486611888
2.3205353014402066
2.320722135626234
2.325820892916881
2.325834106148769
2.331604868002494
2.331680543937514
2.3340381182122254
2.3340510659750424
2.3367958883076687
2.3368126619618446
2.422126667804838
2.4221366486207834
2.423274899613084
2.4233004347350717
2.426358941735758
2.4264337522203356
2.4283483196917772
2.428438425519576
2.4330255495740585
2.4330648962634354
2.440404544076936
2.440432407073556
2.443695813583205
2.443856034870588
2.448749415683392
2.448932132712386
2.451582583319885
2.452050790548404
2.4637097204533753
2.4638652812370077
2.469343808848962
2.4698187112279104
2.4731348164493383
2.4739365414541097
2.4793100604949405
2.4794116254478076
2.4844874677462165
2.484890896084261
2.4943697174033845
2.4945517144711955
2.497563263828746
2.4977070297377537
2.502642258611608
2.502919070928484
2.505684314819723
2.5057586963439458
2.510437391664905
2.5105081052121494
2.5158243385153938
2.5160866918049067
2.5180588366689687
2.5180609212836607
2.5204198630112478
2.5205307517732125
2.521280675603749
2.521586570699971
2.55832242706404
2.5583577233748827
2.560444240654367
2.560497810439191
2.5621277645921965
2.5621954607438555
2.56590011155005
2.5659382815719654
2.570441436377537
2.57049834895886
2.5729889282942056
2.5730164513354485
2.5762192555072176
2.5762264691847676
2.5788226399765786
2.5788385844364083
2.583603276707952
2.583635781127902
2.5860545578023735
2.5860613919999933
2.5895907467604347
2.5896259955364864
2.5914121506275767
2.591418014133986
2.593705373611319
2.593716723243551
2.6064695207727273
2.606478326287037
2.6073031985938298
2.6073090745858245
2.6093540750576913
2.6093839510357117
2.6106215005079387
2.6106249939274546
2.6135418065510017
2.613549054581893
2.616543111193136
2.616549439288351
2.617742317357647
2.6177621765981742
2.6195678001842477
2.6195764672105715
2.6203294270958777
2.620332845046626
2.6262156642482775
2.626216115165603
2.627580780775357
2.627585529394353
2.6284962468992967
2.6285227004204725
2.6300507520048204
2.630052057113073
2.631012450079206
2.631031337644136
2.6327492169145366
2.632754114954892
2.6334574593327926
2.6334628189606306
2.634296897893707
2.634303322553353
2.6348481887124504
2.634859301823696
2.635692078540275
2.6356981372263135
2.6363007420200004
2.636311311338164
2.6365332733005733
2.6365399370618374
2.63679407878395
2.6367981561663383
