-2.6368493932508272
-2.6368468714758984
-2.63680359606095
-2.6368015505560005
-2.6367563391044837
-2.636755049457217
-2.636672889899467
-2.6366716451176972
-2.6365114657549555
-2.6365071963052755
-2.63639581984287
-2.6363945871831516
-2.636283335603577
-2.6362792732822453
-2.6359561668687976
-2.635951011560566
-2.6357480967370277
-2.635740584080525
-2.635607368891918
-2.6356015625835623
-2.6353791301155
-2.6353725103067953
-2.6345253564928264
-2.634523457819616
-2.6343721341063464
-2.634371708191936
-2.634103018441948
-2.634100732234623
-2.633744215902502
-2.6337410004325204
-2.6334295453455705
-2.6334269192959505
-2.6330547841342833
-2.6330518407843333
-2.6327547721318085
-2.632754442913535
-2.632590601564649
-2.6325886865947283
-2.630782626140739
-2.6307745496600643
-2.6303761394638823
-2.6303690256626493
-2.630079066526257
-2.630069411299524
-2.6295737244976305
-2.6295672837919875
-2.6286923373145603
-2.628682192250339
-2.6282706738454737
-2.6282686245397846
-2.6278283323832397
-2.6278172657489507
-2.6270011135990585
-2.627001106977084
-2.6265147056425664
-2.626510898192363
-2.6261951170283813
-2.626194466198675
-2.625834068218196
-2.6258333730076306
-2.6203969047601916
-2.62039477948522
-2.620270901343791
-2.6202580953200636
-2.619866603116519
-2.6198591967339695
-2.6194131081022047
-2.619399858828345
-2.6187428524788543
-2.618739418780889
-2.6178413483615417
-2.6178299272899115
-2.617165433245245
-2.6171602330332773
-2.6166448084295024
-2.6166438468994633
-2.614657073902271
-2.614652235123622
-2.6138382882203697
-2.6138364597559702
-2.6132988130940102
-2.6132966597196003
-2.612357654074482
-2.612351863972098
-2.610428288749462
-2.6104259820953692
-2.609921772041614
-2.60990951356285
-2.6091691776147097
-2.6091559615631765
-2.608298159591762
-2.6082839989640934
-2.6076197487969086
-2.6076151571716313
-2.606970148781574
-2.6069616940158955
-2.606523671097911
-2.6065188391543495
-2.606312679451819
-2.606310722174166
-2.594270179059012
-2.594262317241093
-2.5937501283048787
-2.5937435451331923
-2.593270035842738
-2.5932645955650493
-2.5924306395551104
-2.592427160136714
-2.5909545000017755
-2.5909421205309937
-2.590064714683521
-2.590063735577587
-2.589200121795628
-2.5891863828982764
-2.5871546706035033
-2.5871422614683253
-2.58597893270735
-2.5859513171658675
-2.585178524378302
-2.5851599518007924
-2.584036417495958
-2.5840123760120317
-2.57930348920999
-2.579296655917043
-2.578786129096624
-2.5787698157793986
-2.5777240423088306
-2.5777080729167055
-2.576495992431774
-2.576463474598137
-2.5752459474815352
-2.5752342752716304
-2.5737546208520854
-2.573735230328836
-2.5726383359344056
-2.572631625191226
-2.5719606561803
-2.5719538067398973
-2.5675914956181374
-2.5675560811280325
-2.56643333900005
-2.566395171942378
-2.5656757374783643
-2.565630310484966
-2.564393604389271
-2.5643581408486007
-2.562317928478142
-2.5622892832103767
-2.561511066690389
-2.5615020792321537
-2.560677208184918
-2.5606458114086044
-2.559384338148131
-2.5593753906348553
-2.55870367447966
-2.5586918110645858
-2.558292447478947
-2.5582749089739822
-2.5578908909966565
-2.557868324052803
-2.5245051442868522
-2.523858620968508
-2.521584043797939
-2.5212737526221196
-2.5201180809958914
-2.5200282890379766
-2.519704590675433
-2.519700399994646
-2.5186474892616015
-2.51862388182686
-2.5175028097282444
-2.5174600134782525
-2.516360102028873
-2.516337210744684
-2.515312760894093
-2.515302258043234
-2.5122830695885967
-2.5122443255141276
-2.510979817783676
-2.510972459724757
-2.509705031771706
-2.509677222624102
-2.5077591670987536
-2.507706321995309
-2.5038381291864797
-2.503802859548273
-2.503293102936317
-2.5030406816447757
-2.50128036913372
-2.5010772586958705
-2.4997076253581434
-2.499693644040148
-2.4974506413405644
-2.497407198654926
-2.495679206265325
-2.4955780845021045
-2.494170846291001
-2.4941123288703686
-2.493363489931846
-2.4933010976350416
-2.4815970963942253
-2.4814693444782323
-2.480315099104128
-2.4801482661828382
-2.4793030658824815
-2.4791248815224916
-2.4772623065358954
-2.4770425196496904
-2.474189916814239
-2.4738086398492025
-2.472506926071594
-2.472374652874874
-2.4703636726036553
-2.469980882083256
-2.467061543540134
-2.4670327014653965
-2.46530353106746
-2.4651325737724257
-2.4637293188795892
-2.4636495796715834
-2.4620502327435045
-2.4618789856864214
-2.453484753747773
-2.4531002263767023
-2.452038511107733
-2.451576201071965
-2.44967199086468
-2.449498496437284
-2.4483837248766873
-2.4483382280001664
-2.4457624140785454
-2.445709840839868
-2.4435590988258484
-2.4434576686440392
-2.4415986863211687
-2.4415851452479935
-2.440195886984805
-2.4401594476104416
-2.4352385999172497
-2.435230177416598
-2.433918884337615
-2.4339064994971484
-2.432582110911294
-2.432557471638145
-2.4304965449724065
-2.430479216272008
-2.427998181773767
-2.4279174475969367
-2.4273042307675934
-2.427291260515001
-2.4257539494583376
-2.4257244151778443
-2.4247674667313976
-2.424756103809458
-2.423421064825679
-2.423409737093313
-2.4227218003892075
-2.422707770224101
-2.4220296736054694
-2.4220271511970077
-2.421753236097399
-2.42175193095027
-2.337389695650152
-2.337377910232576
-2.336868982548087
-2.3368601161327236
-2.3363573255943844
-2.3363542129971173
-2.3354077432919627
-2.3354004203075363
-2.3336161055763918
-2.3335955634053196
-2.3324196068553666
-2.332412918978382
-2.3312131263880724
-2.331188768081756
-2.327977120847653
-2.327954722407194
-2.326082005392112
-2.3260606073006844
-2.3246983642758536
-2.324683734419089
-2.32258328862678
-2.3225531342589596
-2.315242454189268
-2.315220467480546
-2.3142963779650216
-2.3142603390626175
-2.3120949865325047
-2.3120755637866655
-2.3099198147325537
-2.309875386321963
-2.307239306239981
-2.3072154426456257
-2.304256045950566
-2.3042398536947637
-2.302111149983918
-2.302091171062337
-2.3007703426686703
-2.3007586944917757
-2.2898357624750427
-2.2898187893464823
-2.2874938381296173
-2.2874917914098027
-2.285859764191232
-2.285852435765707
-2.282817727232594
-2.2827961002554638
-2.277926403540872
-2.2778998197376765
-2.2758444691219775
-2.275816379752898
-2.2734655512797994
-2.2734539272900007
-2.2695824544833507
-2.269565827213177
-2.2673888310759076
-2.26735871899045
-2.2658012800766074
-2.26578979675912
-2.264221634579087
-2.2642126774718783
-2.2405840742725016
-2.2396533736848974
-2.235272480837437
-2.235269902222616
-2.2332446341610424
-2.2331840150865987
-2.2319625814840878
-2.2319505565954145
-2.228792642648552
-2.2287897528148775
-2.2254784556681364
-2.2254757262617924
-2.2229468595507846
-2.2229086447243507
-2.220653178780264
-2.22062915216378
-2.213757779317673
-2.213676953225525
-2.211236066947395
-2.211157484056779
-2.208707429701063
-2.208686352506119
-2.2050150626999043
-2.2049662180502296
-2.1984576450743116
-2.198351876035593
-2.1974863683299457
-2.1972556795050586
-2.1940229702314458
-2.193986084267454
-2.191779042365829
-2.1917043643725487
-2.1881653603831177
-2.1881560372465843
-2.1855958633760193
-2.185590562975678
-2.1837173431306582
-2.1836869433861246
-2.1827305389765974
-2.1827216771095723
-2.155133220619948
-2.1551180255059177
-2.153587467074153
-2.1535521865385077
-2.1523156487596418
-2.152265685673799
-2.1497008657070817
-2.149692207256578
-2.14550452946953
-2.145469141361777
-2.143293830132286
-2.1432473917341897
-2.1408642215003315
-2.1408512001276483
-2.1360377497170187
-2.1359955284208203
-2.1334334462112547
-2.133325345950737
-2.1312503386953328
-2.13120370109325
-2.1285878714939677
-2.128551569730538
-2.1181145407964674
-2.117879177107952
-2.1174646266944324
-2.1173299929435454
-2.115008114105042
-2.1149641663988707
-2.1133112257646127
-2.1131647032596876
-2.1102293492947375
-2.110199955429698
-2.107212174677731
-2.1072050310577675
-2.105272113045146
-2.1052431357445336
-2.103896940848669
-2.1038955350470623
-2.097156056082494
-2.0971342923742102
-2.0955194948318634
-2.0954420567112884
-2.0944243856682534
-2.09435712268584
-2.0925247046937594
-2.092494484721927
-2.089753399285631
-2.0897349692411527
-2.0888139547149
-2.0888098129066703
-2.0877897466753144
-2.087758053414079
-2.0863628755643107
-2.086359846249267
-2.085638321494432
-2.085620424324863
-2.085175169021907
-2.0851592785160458
-2.084759004744025
-2.0847411258871356
-2.0412114931381495
-2.0298383234182564
-1.9059204080123793
-1.9054312542378884
-1.8538269306232518
-1.8537019182375438
-1.8534677143661935
-1.8534131311442903
-1.8525386716532133
-1.8524673385342687
-1.8518074675393086
-1.8516548699731645
-1.8503335229736335
-1.850279821423983
-1.849115414101616
-1.8489389121254147
-1.8468483509865672
-1.8464691785949834
-1.8446179234578732
-1.8446095726847194
-1.842996632507645
-1.8429680481096442
-1.8402222105527057
-1.8400340129874393
-1.8379217521114013
-1.8376935329724229
-1.837000476442646
-1.8367096092142319
-1.8314135397879143
-1.8311958395180736
-1.8292673239627169
-1.8292206848895316
-1.8253167207119605
-1.8252645153144755
-1.822910841025108
-1.8228597248177267
-1.8196721097642634
-1.8196246556967115
-1.8180052248187524
-1.8179912101014055
-1.8028792799348694
-1.8020926482471515
-1.8004659549834054
-1.800103648477767
-1.7979740813138787
-1.7979353919435415
-1.7944299438123708
-1.793485966415816
-1.7897587996195723
-1.7897489857811801
-1.788621846570205
-1.7869906998069747
-1.7832875643331674
-1.7803500945367239
-1.7792935809679649
-1.7777408440473232
-1.7736424145509977
-1.772878840492091
-1.7698991200554597
-1.7697080652658206
-1.7669248874095518
-1.7664041972869524
-1.7644930655463864
-1.7644318773108676
-1.7568992774133003
-1.7561669318982478
-1.740694807299955
-1.7398232547670134
-1.738393550168744
-1.7381629677671653
-1.7334212924904695
-1.7332783111163383
-1.7303445483741113
-1.7297232803988065
-1.7254315831605147
-1.7253839716549793
-1.7220083535203552
-1.7215313917813753
-1.715024377900979
-1.7140079347011306
-1.710047197611775
-1.7099193374109627
-1.7067786156999527
-1.7066772996909063
-1.7018003820773375
-1.7013533178156612
-1.697920740088031
-1.697288608733332
-1.6961328227012757
-1.6953464520908443
-1.6904277779999375
-1.6890136561831466
-1.6869175748038308
-1.686752453860418
-1.6827111798441836
-1.6824994474716322
-1.6808012138682853
-1.6804139640845914
-1.6781736016037878
-1.6779883176994876
-1.677197974144116
-1.6768155193853223
-1.6121396496748026
-1.6099291118199948
-1.6051792669671496
-1.6049407761364765
-1.6036508156995979
-1.6034536190567754
-1.6011403060814944
-1.6011029574175517
-1.598190554950487
-1.5975527051620644
-1.5958483978828943
-1.595383420422267
-1.5919523973902314
-1.5910471141127402
-1.5892532455081818
-1.589200264208215
-1.5822621441899452
-1.581771381442906
-1.577785775892421
-1.577499949184675
-1.5741145589725798
-1.5738972622479543
-1.5710618860060492
-1.5709181336947595
-1.5616440898522568
-1.5616094742566535
-1.5552470014119864
-1.5547386202666862
-1.552159050634782
-1.5520958748704032
-1.5456475926494735
-1.5455258222791683
-1.5412129456027233
-1.5410332520473278
-1.5371390933908244
-1.5370856640075117
-1.5338150047852146
-1.5337582898687543
-1.5259650507765465
-1.5243720750018288
-1.5169803711574648
-1.516581307789002
-1.5132040373913709
-1.5129185290114602
-1.5086211031117025
-1.5085388039604486
-1.5047278190992226
-1.504195940426806
-1.5006009591148974
-1.5005223476154705
-1.4965628650381104
-1.4953465758867923
-1.493612829536832
-1.4934054140971256
-1.4881645317145222
-1.488030741412866
-1.4853766535184656
-1.4850870786285502
-1.4841073481270897
-1.4837582872244248
-1.4826717744934503
-1.4824338092786629
-1.4586577797118738
-1.4571844010837234
-1.4192373768414122
-1.4186104626569376
-1.4179023792946452
-1.4176383072833108
-1.4147687510112839
-1.4144905013956084
-1.4127656408579554
-1.411924890350577
-1.4088470544927578
-1.4084284416423727
-1.4050680795254449
-1.404693829166106
-1.4012823693956469
-1.399292594818429
-1.3953518832962206
-1.3953194589236857
-1.3921390489625072
-1.3920127853484179
-1.3872619736230618
-1.386717222611028
-1.3836703239302504
-1.383081930243085
-1.381925508144302
-1.381546132683798
-1.3745918844228942
-1.3727695066292678
-1.3704615155634177
-1.3703581523855286
-1.365076833834309
-1.3646864066871276
-1.36244715857266
-1.3616703447717515
-1.3581336867392826
-1.3579206695882158
-1.3562695546773145
-1.3554841137807554
-1.336704622590009
-1.3358381448813637
-1.331738251457779
-1.3313506836098183
-1.3297139612758564
-1.3293725977829303
-1.3268397604694546
-1.326045185328346
-1.324345900667874
-1.3229879704145837
-1.3222548745371678
-1.3219907493834753
-1.319400950421442
-1.3124141392853201
-1.3111819131118114
-1.3096847951337303
-1.3068064684327099
-1.3064452114709335
-1.3040931849847066
-1.3036652477350068
-1.301483637990583
-1.3008151393523182
-1.2997168964016865
-1.2993153279650023
-1.2986956290845408
-1.297244076290342
-1.2861587293051024
-1.2859554107283941
-1.2847598490255498
-1.2846423718706785
-1.2817391577282866
-1.2816247492835258
-1.2798866825047146
-1.2797197345164975
-1.2770950589328112
-1.2770444577226743
-1.2754341811391412
-1.2750813974236992
-1.27201593885866
-1.2711502007161009
-1.269751976027897
-1.2695894702972423
-1.26828307143776
-1.268269187149789
-1.2663828126379124
-1.2662337821266638
-1.2652107939227122
-1.2647701610811182
-1.264289733231491
-1.2636692380945824
-1.2626416037173314
-1.2619756282324932
-1.261163153266599
-1.2609952697144027
-1.2600932589797327
-1.2598965688037556
-1.2594488643130488
-1.2592866199897876
-1.258706997886783
-1.2586606631334727
-1.2584325857757042
-1.2582862584881078
-1.1382217156905128
-1.0829151883193804
-0.6734921385446944
-0.6732589892137447
-0.6729368988493653
-0.6727960351628454
-0.6724906732832667
-0.6722881460886633
-0.6720095806238089
-0.6719236663786862
-0.6715131209595313
-0.6713291413728824
-0.6701009877418979
-0.6696877641411129
-0.668030813415928
-0.6676448801134555
-0.665977191601616
-0.6654348826321925
-0.664512012579885
-0.6635367800274765
-0.6628601410219236
-0.6618681799408112
-0.6614359445804234
-0.6603239463907052
-0.6553760167873447
-0.654592021256612
-0.6536748748761649
-0.6536613926370921
-0.6520233792531264
-0.6516791265959747
-0.6495112577181154
-0.6487034718107342
-0.6470936012458289
-0.6458272640941283
-0.6448895179437533
-0.6447731678445942
-0.6428916449925702
-0.6418444196887011
-0.6413463253096708
-0.6410255268920809
-0.6291491358304716
-0.6274611252669725
-0.6268077814208218
-0.6250261760171967
-0.6241515099342153
-0.6227382828110273
-0.6202172794045252
-0.6195674343439757
-0.6162033592235437
-0.6149874921268571
-0.613938313019408
-0.6088917354015884
-0.6039375020061724
-0.6031313547404787
-0.5998214519632529
-0.5997108501776838
-0.5973097946817727
-0.5971326567210985
-0.5956558742936763
-0.5953767362342743
-0.5936114359152084
-0.5931426698035109
-0.5759194985182035
-0.5687635703209448
-0.5604322275573591
-0.5601276496702803
-0.5588716434569683
-0.5584628260822309
-0.5546669825800075
-0.554166963136016
-0.5516671529094996
-0.5510917431972245
-0.5490625079177888
-0.5488206437233968
-0.5438841156276395
-0.542565741755864
-0.5405829674443124
-0.5403086399893309
-0.5295961565833536
-0.5291249913053367
-0.5258284790167052
-0.5248065958544338
-0.5221778596758978
-0.5214948155072312
-0.5173339785128894
-0.5169397697649818
-0.5134028737173832
-0.5113454152495164
-0.5049373601482914
-0.504091661738957
-0.5015199827127017
-0.5011049733506434
-0.4950307404881634
-0.4948109435819063
-0.4920392083871983
-0.49178374744780334
-0.49000900329991354
-0.48950229745966867
-0.48690157165961684
-0.48639290807332813
-0.48553761320678457
-0.48522035921897766
-0.4352584023430575
-0.4344234137285514
-0.43297487453737993
-0.4322541465328773
-0.430475983293722
-0.4303292054775584
-0.42751948357838787
-0.427130743361921
-0.4239248144416239
-0.42252088435037755
-0.4209236247450728
-0.4157855971190325
-0.40993786675422567
-0.4095778161246941
-0.40269816333348196
-0.4012172345791661
-0.3992378744465045
-0.3956938580373853
-0.39447577280562796
-0.39193565534785635
-0.3905979485812323
-0.38763430615419975
-0.3804755011953409
-0.3773719532784532
-0.3685210457025517
-0.36836761040791766
-0.3661310422169168
-0.3649160045254365
-0.3605961056781461
-0.3584751277536104
-0.3570766287169832
-0.3538196268064401
-0.35317227027266396
-0.35152801499856684
-0.34781016668712134
-0.3456307756548851
-0.3445665988987665
-0.34409669008061217
-0.32993467649687935
-0.3280506735384158
-0.32704088831330325
-0.32418259357775553
-0.3222392666376681
-0.320432579983763
-0.31751336433601357
-0.31716086839071134
-0.31589525426170634
-0.31243394577113337
-0.3107710751950184
-0.30533795938195274
-0.30078847731332453
-0.3003760876341438
-0.29917580408563504
-0.29884695056654637
-0.29809993900927517
-0.2973497344743957
-0.29642354520187164
-0.2959392579605691
-0.29508778399877317
-0.29421913299985025
-0.28857123170164245
-0.25575830680564904
-0.15939456922531337
-0.1563100268101338
-0.15591036548822593
-0.15509568928750125
-0.1548609893771292
-0.1538281282795774
-0.1533990939576716
-0.14877945201196638
-0.1478899989384278
-0.14725996020234755
-0.14552082226422838
-0.14177170655271887
-0.1367769245940496
-0.1362062886928898
-0.13492400421483933
-0.1347586103305177
-0.1318714599948979
-0.13147774432323447
-0.13025022511667878
-0.12823858758719103
-0.12720480966038694
-0.12664007241165132
-0.12387550405329716
-0.12355783739329872
-0.1218352454158811
-0.120992102951518
-0.11709155791598125
-0.11400709644547466
-0.11182752055734793
-0.11067728573393054
-0.10973040218628584
-0.10045160256784133
-0.0995047129140733
-0.09746921356369455
-0.0970962851056516
-0.09527626738135316
-0.09447113265130265
-0.08473999783143116
-0.07639800014870338
-0.07571820362335993
-0.07526550761634833
-0.07505049620738201
-0.0747922728282681
-0.06975628020753184
-0.06941530953838743
-0.0684606506640345
-0.06842586113368118
-0.06767493043403565
-0.06730669890657798
-8.605670571208173e-17
2.250297636612329e-16
0.06730669890657742
0.06767493043403602
0.06842586113368204
0.06846065066403553
0.0694153095383882
0.06975628020753197
0.0747922728282676
0.07505049620738297
0.07526550761634825
0.07571820362335954
0.07639800014870421
0.0847399978314316
0.09447113265130218
0.09527626738135268
0.0970962851056527
0.09746921356369434
0.09950471291407277
0.10045160256784157
0.1097304021862851
0.11067728573393151
0.11182752055734749
0.1140070964454743
0.11709155791598125
0.12099210295151797
0.12183524541588069
0.12355783739329869
0.12387550405329684
0.12664007241165182
0.12720480966038755
0.12823858758719106
0.13025022511667886
0.13147774432323514
0.1318714599948984
0.13475861033051728
0.1349240042148392
0.1362062886928895
0.13677692459404953
0.14177170655271842
0.14552082226422824
0.1472599602023475
0.14788999893842886
0.14877945201196593
0.15339909395767176
0.15382812827957743
0.15486098937712997
0.15509568928750161
0.15591036548822584
0.1563100268101333
0.1593945692253116
0.2557583068056486
0.28857123170164245
0.2942191329998504
0.295087783998773
0.2959392579605691
0.2964235452018721
0.2973497344743956
0.2980999390092755
0.29884695056654675
0.29917580408563577
0.30037608763414414
0.3007884773133245
0.30533795938195185
0.3107710751950184
0.3124339457711333
0.31589525426170617
0.31716086839071117
0.3175133643360136
0.3204325799837627
0.3222392666376683
0.3241825935777556
0.32704088831330375
0.3280506735384157
0.3299346764968798
0.3440966900806121
0.3445665988987668
0.345630775654885
0.3478101666871206
0.351528014998567
0.35317227027266446
0.35381962680644063
0.35707662871698326
0.35847512775361073
0.3605961056781463
0.3649160045254366
0.366131042216917
0.36836761040791843
0.36852104570255195
0.37737195327845363
0.3804755011953409
0.38763430615419914
0.3905979485812324
0.39193565534785635
0.39447577280562834
0.39569385803738555
0.3992378744465045
0.40121723457916597
0.4026981633334816
0.4095778161246943
0.40993786675422567
0.41578559711903074
0.4209236247450734
0.4225208843503775
0.4239248144416242
0.4271307433619211
0.4275194835783879
0.4303292054775584
0.43047598329372194
0.4322541465328777
0.43297487453737993
0.43442341372855153
0.4352584023430577
0.48522035921897777
0.48553761320678523
0.4863929080733283
0.4869015716596169
0.4895022974596689
0.49000900329991387
0.491783747447804
0.4920392083871986
0.49481094358190714
0.4950307404881639
0.5011049733506436
0.5015199827127018
0.5040916617389569
0.5049373601482913
0.5113454152495168
0.5134028737173835
0.5169397697649821
0.5173339785128899
0.5214948155072315
0.5221778596758982
0.5248065958544338
0.5258284790167053
0.5291249913053369
0.5295961565833536
0.5403086399893312
0.5405829674443127
0.5425657417558644
0.5438841156276395
0.5488206437233976
0.5490625079177902
0.551091743197225
0.5516671529094999
0.5541669631360163
0.5546669825800078
0.5584628260822309
0.558871643456968
0.5601276496702802
0.560432227557359
0.5687635703209448
0.5759194985182035
0.5931426698035112
0.5936114359152088
0.5953767362342746
0.5956558742936765
0.5971326567210987
0.5973097946817728
0.5997108501776839
0.5998214519632529
0.6031313547404783
0.603937502006172
0.608891735401587
0.6139383130194083
0.6149874921268568
0.616203359223544
0.6195674343439757
0.6202172794045252
0.6227382828110274
0.6241515099342159
0.6250261760171971
0.626807781420822
0.6274611252669724
0.629149135830471
0.6410255268920806
0.6413463253096714
0.6418444196887013
0.6428916449925706
0.6447731678445953
0.6448895179437533
0.6458272640941287
0.6470936012458289
0.6487034718107344
0.6495112577181156
0.6516791265959745
0.6520233792531263
0.6536613926370924
0.6536748748761648
0.6545920212566118
0.6553760167873447
0.6603239463907054
0.6614359445804234
0.6618681799408114
0.6628601410219238
0.6635367800274766
0.6645120125798851
0.6654348826321921
0.665977191601616
0.6676448801134559
0.6680308134159277
0.6696877641411132
0.6701009877418981
0.6713291413728821
0.6715131209595312
0.6719236663786873
0.672009580623809
0.6722881460886632
0.6724906732832668
0.6727960351628456
0.6729368988493651
0.6732589892137448
0.6734921385446939
1.0829151883193833
1.1382217156905141
1.2582862584881078
1.258432585775704
1.2586606631334734
1.2587069978867833
1.2592866199897872
1.2594488643130488
1.2598965688037553
1.2600932589797322
1.2609952697144031
1.2611631532665992
1.261975628232493
1.2626416037173311
1.2636692380945829
1.2642897332314915
1.2647701610811184
1.2652107939227126
1.2662337821266645
1.2663828126379126
1.2682691871497884
1.2682830714377593
1.2695894702972423
1.269751976027897
1.2711502007161006
1.27201593885866
1.2750813974236987
1.2754341811391399
1.2770444577226745
1.2770950589328116
1.2797197345164977
1.2798866825047148
1.281624749283526
1.2817391577282866
1.284642371870679
1.2847598490255503
1.285955410728394
1.2861587293051022
1.2972440762903419
1.2986956290845413
1.299315327965003
1.299716896401687
1.3008151393523186
1.3014836379905832
1.303665247735007
1.3040931849847068
1.3064452114709337
1.30680646843271
1.3096847951337307
1.3111819131118116
1.3124141392853201
1.3194009504214423
1.321990749383476
1.3222548745371674
1.3229879704145837
1.3243459006678744
1.3260451853283464
1.326839760469455
1.3293725977829307
1.329713961275857
1.3313506836098188
1.3317382514577794
1.3358381448813637
1.3367046225900086
1.3554841137807558
1.356269554677314
1.3579206695882167
1.358133686739283
1.3616703447717509
1.3624471585726603
1.364686406687128
1.3650768338343091
1.3703581523855297
1.3704615155634183
1.372769506629268
1.3745918844228942
1.3815461326837981
1.381925508144303
1.3830819302430852
1.3836703239302508
1.3867172226110283
1.387261973623062
1.3920127853484183
1.3921390489625074
1.3953194589236864
1.395351883296221
1.3992925948184292
1.4012823693956467
1.404693829166106
1.405068079525445
1.4084284416423725
1.4088470544927578
1.411924890350577
1.4127656408579554
1.4144905013956084
1.4147687510112839
1.4176383072833112
1.417902379294646
1.418610462656938
1.4192373768414122
1.4571844010837236
1.458657779711874
1.4824338092786629
1.4826717744934503
1.483758287224425
1.4841073481270899
1.4850870786285502
1.4853766535184656
1.4880307414128662
1.4881645317145225
1.4934054140971258
1.4936128295368325
1.4953465758867923
1.4965628650381102
1.5005223476154714
1.500600959114898
1.5041959404268062
1.5047278190992226
1.5085388039604493
1.5086211031117032
1.5129185290114606
1.5132040373913713
1.5165813077890011
1.5169803711574643
1.5243720750018286
1.5259650507765468
1.5337582898687543
1.5338150047852146
1.5370856640075121
1.5371390933908249
1.5410332520473276
1.5412129456027233
1.5455258222791683
1.5456475926494733
1.552095874870403
1.552159050634782
1.5547386202666862
1.5552470014119864
1.561609474256654
1.5616440898522572
1.5709181336947597
1.571061886006049
1.5738972622479548
1.57411455897258
1.5774999491846753
1.5777857758924207
1.581771381442906
1.5822621441899452
1.589200264208216
1.5892532455081825
1.5910471141127402
1.5919523973902314
1.595383420422267
1.5958483978828943
1.5975527051620648
1.598190554950487
1.6011029574175522
1.6011403060814946
1.6034536190567756
1.603650815699598
1.6049407761364756
1.6051792669671492
1.609929111819996
1.612139649674804
1.6768155193853227
1.6771979741441165
1.677988317699488
1.6781736016037885
1.6804139640845916
1.6808012138682857
1.6824994474716326
1.682711179844184
1.6867524538604184
1.6869175748038314
1.6890136561831472
1.6904277779999375
1.6953464520908448
1.6961328227012755
1.6972886087333323
1.6979207400880312
1.701353317815661
1.7018003820773375
1.7066772996909063
1.7067786156999525
1.709919337410963
1.7100471976117755
1.714007934701131
1.715024377900979
1.7215313917813753
1.7220083535203548
1.72538397165498
1.7254315831605154
1.7297232803988063
1.7303445483741111
1.7332783111163388
1.7334212924904697
1.7381629677671655
1.7383935501687442
1.739823254767014
1.7406948072999555
1.7561669318982485
1.756899277413301
1.7644318773108674
1.7644930655463862
1.7664041972869524
1.7669248874095518
1.7697080652658213
1.7698991200554604
1.7728788404920905
1.7736424145509975
1.7777408440473237
1.7792935809679649
1.7803500945367237
1.783287564333168
1.7869906998069744
1.788621846570205
1.7897489857811806
1.7897587996195745
1.7934859664158163
1.7944299438123708
1.797935391943542
1.797974081313879
1.8001036484777673
1.8004659549834057
1.802092648247152
1.8028792799348696
1.8179912101014055
1.8180052248187524
1.8196246556967115
1.8196721097642634
1.822859724817727
1.8229108410251083
1.825264515314476
1.825316720711961
1.8292206848895318
1.829267323962717
1.8311958395180739
1.8314135397879143
1.836709609214232
1.8370004764426457
1.8376935329724229
1.8379217521114013
1.8400340129874397
1.8402222105527062
1.8429680481096444
1.8429966325076452
1.8446095726847205
1.8446179234578741
1.8464691785949843
1.8468483509865679
1.8489389121254147
1.8491154141016155
1.8502798214239835
1.8503335229736342
1.8516548699731645
1.8518074675393088
1.852467338534269
1.8525386716532135
1.8534131311442907
1.853467714366194
1.8537019182375443
1.853826930623252
1.9054312542378877
1.9059204080123786
2.029838323418257
2.041211493138151
2.084741125887136
2.084759004744025
2.0851592785160458
2.085175169021907
2.0856204243248624
2.085638321494432
2.0863598462492674
2.086362875564311
2.087758053414079
2.0877897466753144
2.0888098129066712
2.088813954714901
2.089734969241153
2.089753399285631
2.092494484721927
2.092524704693759
2.09435712268584
2.0944243856682534
2.095442056711289
2.095519494831864
2.0971342923742102
2.0971560560824933
2.103895535047063
2.1038969408486694
2.1052431357445336
2.105272113045146
2.107205031057768
2.107212174677732
2.110199955429698
2.1102293492947375
2.1131647032596876
2.1133112257646127
2.1149641663988716
2.1150081141050423
2.117329992943546
2.1174646266944332
2.1178791771079517
2.118114540796468
2.1285515697305373
2.128587871493967
2.1312037010932503
2.131250338695333
2.1333253459507375
2.133433446211255
2.13599552842082
2.1360377497170187
2.1408512001276483
2.1408642215003315
2.1432473917341897
2.1432938301322864
2.1454691413617772
2.1455045294695303
2.1496922072565785
2.149700865707082
2.1522656856737994
2.152315648759642
2.1535521865385086
2.153587467074154
2.1551180255059177
2.155133220619948
2.1827216771095728
2.182730538976598
2.1836869433861246
2.1837173431306587
2.1855905629756784
2.1855958633760197
2.1881560372465843
2.1881653603831177
2.1917043643725487
2.191779042365829
2.193986084267454
2.1940229702314458
2.197255679505059
2.1974863683299457
2.198351876035593
2.198457645074312
2.2049662180502296
2.2050150626999043
2.2086863525061196
2.2087074297010636
2.2111574840567787
2.211236066947395
2.2136769532255256
2.2137577793176733
2.2206291521637795
2.2206531787802635
2.2229086447243502
2.2229468595507846
2.2254757262617932
2.2254784556681377
2.228789752814878
2.2287926426485525
2.231950556595415
2.231962581484088
2.2331840150865983
2.233244634161042
2.235269902222615
2.2352724808374367
2.2396533736848983
2.2405840742725025
2.2642126774718783
2.2642216345790867
2.26578979675912
2.2658012800766074
2.2673587189904505
2.267388831075908
2.2695658272131776
2.269582454483351
2.2734539272900007
2.2734655512797994
2.275816379752898
2.2758444691219775
2.2778998197376765
2.277926403540872
2.2827961002554633
2.282817727232594
2.285852435765707
2.285859764191232
2.287491791409803
2.2874938381296177
2.2898187893464823
2.2898357624750423
2.3007586944917757
2.3007703426686703
2.302091171062338
2.3021111499839186
2.3042398536947637
2.3042560459505657
2.307215442645626
2.3072393062399814
2.3098753863219637
2.3099198147325546
2.3120755637866655
2.3120949865325047
2.3142603390626175
2.3142963779650216
2.315220467480546
2.315242454189268
2.3225531342589596
2.32258328862678
2.324683734419089
2.324698364275854
2.3260606073006844
2.326082005392112
2.327954722407194
2.327977120847653
2.3311887680817556
2.331213126388072
2.3324129189783824
2.332419606855367
2.3335955634053196
2.3336161055763918
2.3354004203075363
2.3354077432919627
2.3363542129971173
2.3363573255943844
2.3368601161327236
2.336868982548087
2.337377910232576
2.337389695650152
2.4217519309502706
2.421753236097399
2.4220271511970086
2.42202967360547
2.4227077702241013
2.4227218003892084
2.423409737093313
2.423421064825679
2.4247561038094583
2.424767466731398
2.4257244151778443
2.4257539494583376
2.427291260515001
2.4273042307675934
2.4279174475969367
2.427998181773767
2.4304792162720084
2.430496544972407
2.4325574716381455
2.4325821109112944
2.433906499497149
2.433918884337615
2.435230177416598
2.4352385999172497
2.4401594476104416
2.440195886984805
2.4415851452479935
2.4415986863211687
2.4434576686440397
2.4435590988258484
2.445709840839868
2.4457624140785454
2.4483382280001678
2.4483837248766886
2.449498496437284
2.4496719908646805
2.451576201071966
2.4520385111077334
2.4531002263767023
2.453484753747773
2.4618789856864214
2.4620502327435045
2.4636495796715834
2.4637293188795892
2.4651325737724257
2.4653035310674594
2.4670327014653965
2.4670615435401335
2.4699808820832554
2.4703636726036553
2.472374652874874
2.4725069260715946
2.4738086398492025
2.474189916814239
2.4770425196496904
2.477262306535895
2.4791248815224916
2.4793030658824815
2.4801482661828382
2.480315099104128
2.481469344478232
2.4815970963942253
2.493301097635041
2.4933634899318458
2.4941123288703686
2.494170846291001
2.4955780845021045
2.495679206265325
2.497407198654926
2.4974506413405644
2.4996936440401485
2.499707625358144
2.5010772586958705
2.5012803691337195
2.503040681644776
2.5032931029363175
2.5038028595482733
2.5038381291864806
2.5077063219953084
2.5077591670987536
2.5096772226241026
2.509705031771706
2.510972459724758
2.510979817783677
2.512244325514128
2.512283069588597
2.515302258043234
2.5153127608940933
2.5163372107446844
2.5163601020288735
2.517460013478252
2.517502809728244
2.51862388182686
2.518647489261602
2.519700399994646
2.5197045906754334
2.520028289037977
2.5201180809958914
2.5212737526221187
2.5215840437979384
2.5238586209685083
2.5245051442868527
2.5578683240528033
2.557890890996657
2.5582749089739822
2.558292447478947
2.5586918110645853
2.55870367447966
2.5593753906348558
2.5593843381481314
2.5606458114086044
2.560677208184918
2.561502079232154
2.5615110666903895
2.5622892832103767
2.562317928478142
2.564358140848601
2.5643936043892714
2.565630310484966
2.5656757374783643
2.5663951719423785
2.5664333390000507
2.567556081128033
2.567591495618138
2.571953806739897
2.5719606561803
2.5726316251912262
2.572638335934406
2.5737352303288357
2.5737546208520854
2.575234275271631
2.5752459474815357
2.5764634745981367
2.576495992431774
2.5777080729167046
2.57772404230883
2.5787698157793986
2.578786129096624
2.579296655917043
2.5793034892099906
2.5840123760120317
2.584036417495958
2.585159951800793
2.5851785243783025
2.5859513171658675
2.5859789327073495
2.5871422614683257
2.587154670603504
2.589186382898276
2.5892001217956278
2.5900637355775884
2.5900647146835225
2.5909421205309933
2.5909545000017755
2.5924271601367144
2.5924306395551104
2.593264595565049
2.593270035842738
2.5937435451331923
2.5937501283048787
2.594262317241093
2.594270179059012
2.606310722174167
2.60631267945182
2.6065188391543503
2.6065236710979116
2.6069616940158964
2.606970148781575
2.6076151571716317
2.607619748796909
2.608283998964094
2.6082981595917625
2.609155961563177
2.60916917761471
2.6099095135628505
2.6099217720416146
2.6104259820953697
2.6104282887494623
2.612351863972098
2.6123576540744824
2.613296659719601
2.6132988130940107
2.6138364597559707
2.61383828822037
2.6146522351236223
2.6146570739022716
2.616643846899464
2.6166448084295033
2.6171602330332777
2.6171654332452454
2.6178299272899115
2.6178413483615417
2.6187394187808897
2.618742852478855
2.6193998588283454
2.619413108102205
2.61985919673397
2.6198666031165194
2.6202580953200636
2.620270901343791
2.620394779485221
2.6203969047601925
2.6258333730076306
2.625834068218196
2.626194466198675
2.6261951170283813
2.6265108981923633
2.626514705642567
2.6270011069770858
2.6270011135990603
2.6278172657489507
2.6278283323832397
2.6282686245397846
2.6282706738454737
2.6286821922503396
2.6286923373145603
2.6295672837919875
2.6295737244976305
2.630069411299524
2.630079066526257
2.6303690256626493
2.6303761394638823
2.6307745496600647
2.6307826261407397
2.6325886865947288
2.6325906015646496
2.6327544429135346
2.632754772131808
2.6330518407843333
2.6330547841342833
2.633426919295951
2.6334295453455705
2.633741000432521
2.633744215902502
2.634100732234623
2.634103018441948
2.634371708191936
2.6343721341063464
2.634523457819616
2.6345253564928264
2.635372510306795
2.6353791301154996
2.6356015625835623
2.635607368891918
2.6357405840805246
2.6357480967370273
2.635951011560566
2.635956166868797
2.6362792732822453
2.6362833356035775
2.636394587183153
2.6363958198428707
2.6365071963052755
2.6365114657549555
2.6366716451176972
2.636672889899467
2.6367550494572165
2.6367563391044837
2.6368015505560005
2.63680359606095
2.636846871475897
2.6368493932508263
