-3.5867825738637102
-3.5866625219995782
-3.5864299585678703
-3.5861070752383677
-3.5857897018956773
-3.5849573932518766
-3.5846098301846174
-3.5839837459553716
-3.5832317795805917
-3.582503567772153
-3.582081750103444
-3.5800827046409696
-3.5792680010137206
-3.5781757791426627
-3.5770785164366
-3.5762899079003896
-3.570816231146619
-3.5704291240692396
-3.569360269422617
-3.567831696197097
-3.566171609928968
-3.5648664471620735
-3.5622302502502468
-3.5609408826276
-3.55916319065518
-3.5574744792473005
-3.5562683941273097
-3.5557565742065558
-3.5435562962886626
-3.5422932223415735
-3.5402487835586083
-3.537901198941772
-3.5359093532334374
-3.530892812206478
-3.5295545042350716
-3.527040771559892
-3.5241847920467033
-3.5215372548287243
-3.5199147437954545
-3.515296467856451
-3.513366640295063
-3.5111344394073933
-3.509317828931967
-3.508292336361516
-3.4713993425042027
-3.47061556248598
-3.4694749068706634
-3.467236627533171
-3.4643406080895653
-3.461606767675848
-3.4564932953822423
-3.4544970047539785
-3.4507490078262015
-3.4467149379315885
-3.443204184907162
-3.441282507056461
-3.429220125115807
-3.4262841210081745
-3.42208945702607
-3.4177018137418638
-3.4142407161584485
-3.4026729263581244
-3.4017209070558128
-3.398108517606697
-3.393670719948094
-3.389325501636715
-3.3860351068597954
-3.380576204933781
-3.3787304815904915
-3.375811210445614
-3.373345189987072
-3.3717367421326103
-3.3710649138125093
-3.2865721217088684
-3.2852131366228363
-3.282675146394035
-3.2793221268376387
-3.276152525922294
-3.268433847645739
-3.2657671841765414
-3.260883304577671
-3.2552840171285253
-3.2500443394466827
-3.246889947937599
-3.235287051912202
-3.2307700052348065
-3.224976190533009
-3.2195342248814205
-3.215910612479417
-3.185756000062643
-3.1849119253908813
-3.1809579303761266
-3.17506514330235
-3.168586800662192
-3.1632464482469054
-3.153696703120774
-3.1496765259427906
-3.143379897514176
-3.137195833595649
-3.1324577256713924
-3.130226619637008
-3.102535179716455
-3.098810144716571
-3.0931939306464358
-3.087155490019753
-3.082277952473603
-3.0702840521854715
-3.0678440283087087
-3.062916467957947
-3.057518954205004
-3.0527779016873424
-3.0499302590745674
-3.043256257642653
-3.0406804321706535
-3.0379159309259425
-3.03586115954776
-3.034781207825104
-2.8551089040525546
-2.803610001495775
-2.802800615238737
-2.8007918393928253
-2.797628836895642
-2.7938331204745745
-2.789290005586826
-2.7860458113259097
-2.780460784966496
-2.7739290630923077
-2.767559706589
-2.7634434068669944
-2.745880822333201
-2.7418459544289897
-2.7344284630510747
-2.7262378645781093
-2.719389394421578
-2.706323126799965
-2.6935161577393942
-2.688067068172721
-2.6793864875658637
-2.670054858359109
-2.6619981529064582
-2.65158636878166
-2.6476149320393128
-2.6394237859418204
-2.6320816103272198
-2.626828847302725
-2.6244943598228634
-2.5525023478433186
-2.5492316424294943
-2.5432765740157297
-2.5356482720794653
-2.528294095876167
-2.5134533720166385
-2.510562365355729
-2.5016365718306086
-2.4915991231284464
-2.4820286668544225
-2.4754465477430148
-2.4591946551084582
-2.45361354993638
-2.4454429754746925
-2.4379937237818248
-2.4333266217613727
-2.4065137317634178
-2.369241146518478
-2.3664259994567423
-2.360328014117815
-2.3523202337626627
-2.3442698552635126
-2.3357313408078824
-2.3304826483316665
-2.3217950125062283
-2.312864360723965
-2.3051645016821376
-2.3008380516851803
-2.2768207822293003
-2.273744988614861
-2.267135243333042
-2.2598498627541095
-2.2534356037825467
-2.248044356774987
-2.2379330389354695
-2.2340601906836404
-2.2286977785211293
-2.2235811092387268
-2.219598351060411
-2.2156535666559756
-2.213688635644055
-2.2108576150740875
-2.2086534558480904
-2.2072821169564407
-2.2067274794413154
-1.6868626261747086
-1.6867429382125163
-1.6865109833122365
-1.6861888778001384
-1.6858723912098807
-1.6850441309748643
-1.684697443495502
-1.6840725083367192
-1.6833218803466548
-1.6825942646964533
-1.6821727970112688
-1.680187003049761
-1.6793732763519436
-1.678281348002412
-1.6771829663671391
-1.6763921476324433
-1.6709827586932013
-1.67059484425381
-1.6695222568241677
-1.6679916602035987
-1.6663305941504059
-1.6650267286478406
-1.6623961949487054
-1.661107128306669
-1.6593264530401004
-1.657633859764078
-1.6564238800642006
-1.6559111519806378
-1.643855968164478
-1.64259382584649
-1.6405571877369338
-1.6382275884507531
-1.636259184284165
-1.631220325074594
-1.6299116346795754
-1.6274800682217538
-1.62477958017438
-1.6225392923727024
-1.6211369201019337
-1.618481837774976
-1.6182058274994866
-1.6169556773676914
-1.6157932683610288
-1.6143372288533784
-1.6136747245004097
-1.6119176653024967
-1.611155329535211
-1.6097144450214946
-1.609309678803863
-1.6048651285886784
-1.6030336948346102
-1.5987741911872058
-1.5934218004632101
-1.5880336992966564
-1.5844643495876687
-1.571661977561739
-1.5710382124842361
-1.5707705479341758
-1.5696730804941477
-1.5676622552402788
-1.5661037577782368
-1.5642858951215017
-1.561816737934585
-1.5593541495726149
-1.5568062657892645
-1.5547759930307095
-1.553123342457662
-1.5506964764506956
-1.5488451432262027
-1.545830246861876
-1.5422927535833248
-1.5387340264892897
-1.530295676449503
-1.5271535714520745
-1.5226072903183787
-1.5187717432288597
-1.5166693321629494
-1.514202596074113
-1.5100844270229623
-1.5047965283319547
-1.5021446221841004
-1.5006133140982578
-1.4982580560831928
-1.4954218242525006
-1.4930859837463204
-1.489057647190678
-1.4863205084447262
-1.4854853301105049
-1.480701135233715
-1.4786459722696035
-1.4766095375470927
-1.475356460238146
-1.473188745378358
-1.4716481299895543
-1.4710407782909891
-1.4639327993550992
-1.4595967754719326
-1.4495264040270333
-1.439719380787896
-1.4319830459661111
-1.4281784611906743
-1.3871479139504748
-1.3858020199261647
-1.3832945624599284
-1.3800015852432244
-1.3768602142003001
-1.3755170875942622
-1.3705725792356265
-1.3681828519138337
-1.3651431290291742
-1.3627198845323907
-1.359710196300311
-1.3557882966257935
-1.3510492475354912
-1.3501549175285148
-1.3471266874809138
-1.3416590966222786
-1.3351005893704673
-1.3310974673176923
-1.3254104453167475
-1.3239540616201733
-1.3203326477595843
-1.3186199469134332
-1.3161592769895485
-1.3085670748300644
-1.2970959150199444
-1.2873180099126722
-1.286440895844723
-1.2846070490501598
-1.2805805812685143
-1.277782788395836
-1.2750164431485678
-1.268714849529665
-1.2636121225851484
-1.2613202822477636
-1.2562976538875834
-1.2538286756845036
-1.2500129296830749
-1.2482381804959048
-1.2433336135235638
-1.2413589773414402
-1.237690095339977
-1.2370271492500333
-1.232538728288289
-1.2303203412335133
-1.216416689473768
-1.2032283152186698
-1.1994552018593507
-1.1938345506831474
-1.1878548611957496
-1.1830992535245501
-1.1717844023456467
-1.1691614201943124
-1.1643894336481284
-1.1593725665274865
-1.1552633639093786
-1.1533203710027318
-1.1472240832133216
-1.1450015022744506
-1.1433186641870479
-1.1424560243450845
-1.141812775161957
-1.0846216602479117
-1.0818290556827197
-1.077592153555792
-1.071046006714321
-1.063234917179415
-1.0566719121343433
-1.0483988884634976
-1.03814305455434
-1.0266874632409615
-1.0158710066460999
-1.0091003532495182
-0.9820620424737858
-0.9760565005682458
-0.9655882955178856
-0.9565548368529782
-0.9494471075405522
-0.93967824988342
-0.9335308872239918
-0.9079976367606745
-0.9036880641366993
-0.9029021460198803
-0.9015075043518633
-0.9002913399424388
-0.8976071116166922
-0.8935873477273686
-0.8896533377119841
-0.8886403532775808
-0.885723191067431
-0.8797060302309891
-0.8779862070670242
-0.8728677892228309
-0.8678211590784116
-0.8662429237759572
-0.8613439849592779
-0.858301346485902
-0.8511419943668552
-0.8449609719729689
-0.8415565862420894
-0.8401085992081168
-0.8339340991443391
-0.832637782438312
-0.8286528319391838
-0.8265946215578154
-0.8240256279176686
-0.8169604483553798
-0.8051516167252379
-0.7917726302457777
-0.7864805752732376
-0.778250972514646
-0.7697143790330245
-0.7621223826637924
-0.7569391540354711
-0.751884861104243
-0.7466234719294476
-0.7431821291148983
-0.7414917605069743
-0.7353529499129237
-0.6888912650326202
-0.6669680685792702
-0.6662696976045389
-0.6640184595599751
-0.6626559836685065
-0.6597822490112919
-0.6543000259658176
-0.6489430846985499
-0.6464241702061428
-0.64256778217031
-0.6414195511609299
-0.6289160843402294
-0.6265352590635364
-0.6230041575526202
-0.6187531519601027
-0.6159202094384255
-0.6094559308747667
-0.6044758520739184
-0.5974346807745347
-0.5954446719096005
-0.5901921058379582
-0.5871455079384308
-0.5845349857142541
-0.5709191075185581
-0.5693031531814614
-0.5642394975596701
-0.561547657590571
-0.5563550351377414
-0.5523521420581771
-0.5474239006366333
-0.5460217427262016
-0.542970362455303
-0.5411923439205902
-0.5172997649915438
-0.48762779248034
-0.4845349431038461
-0.48171483850026403
-0.4796215268332059
-0.4768113431942375
-0.47268496414786976
-0.469647163780216
-0.4646271165223098
-0.4610907224248333
-0.45698090192647167
-0.4538923482946055
-0.4517702077969039
-0.44432418298445764
-0.44400553343337806
-0.4379554497777941
-0.4361974428648352
-0.43045994513570934
-0.42841369879174457
-0.4242129664934367
-0.4216698822707644
-0.419526845947691
-0.4170861414787065
-0.4123483940785957
-0.39806972405585567
-0.39486852313650816
-0.39428120939076167
-0.39212875555572974
-0.38927220578978566
-0.3875675233442988
-0.3871910087087493
-0.3847186068091592
-0.38166310785968127
-0.3774900792938638
-0.37101408884224485
-0.36312561537417265
-0.3534071542270474
-0.34343183007908173
-0.33302374021341397
-0.322060346220844
-0.31353395554347196
-0.3025559821244981
-0.29284251269148376
-0.28312953352918147
-0.2735665270554004
-0.26489579043430656
-0.2550477565691729
-0.24757437276854555
-0.24012688637113921
-0.2329767125685427
-0.22649419074673238
-0.22120998888171917
-0.21591392668768128
-0.21192989025602668
-0.2086235465225748
-0.20621253968793185
-0.20480302096692427
0.20480302096692538
0.2062125396879333
0.20862354652257567
0.21192989025602776
0.21591392668767995
0.2212099888817174
0.22649419074673016
0.2329767125685427
0.24012688637113921
0.24757437276854422
0.25504775656917067
0.264895790434307
0.2735665270554004
0.28312953352918147
0.29284251269148465
0.30255598212449675
0.3135339555434724
0.32206034622084534
0.33302374021341175
0.3434318300790813
0.3534071542270465
0.36312561537417176
0.37101408884224485
0.3774900792938616
0.3816631078596803
0.38471860680915887
0.3871910087087493
0.3875675233442987
0.3892722057897858
0.3921287555557296
0.3942812093907619
0.3948685231365079
0.3980697240558566
0.412348394078597
0.41708614147870726
0.41952684594769135
0.42166988227076446
0.4242129664934381
0.4284136987917445
0.43045994513570923
0.43619744286483386
0.43795544977779427
0.4440055334333801
0.4443241829844612
0.45177020779690374
0.4538923482946059
0.45698090192647284
0.4610907224248324
0.46462711652231015
0.4696471637802156
0.47268496414787053
0.47681134319423746
0.47962152683320664
0.4817148385002646
0.4845349431038463
0.4876277924803407
0.5172997649915407
0.5411923439205906
0.5429703624553038
0.5460217427262032
0.5474239006366346
0.5523521420581772
0.5563550351377424
0.5615476575905723
0.5642394975596707
0.5693031531814622
0.570919107518559
0.5845349857142544
0.5871455079384322
0.5901921058379589
0.5954446719096014
0.5974346807745358
0.6044758520739171
0.6094559308747667
0.6159202094384273
0.6187531519601037
0.6230041575526202
0.6265352590635372
0.6289160843402306
0.6414195511609306
0.6425677821703111
0.6464241702061432
0.6489430846985506
0.6543000259658163
0.6597822490112931
0.6626559836685071
0.6640184595599757
0.66626969760454
0.6669680685792712
0.6888912650326202
0.7353529499129245
0.7414917605069768
0.743182129114899
0.7466234719294467
0.7518848611042435
0.7569391540354702
0.7621223826637911
0.7697143790330236
0.778250972514646
0.7864805752732371
0.7917726302457768
0.8051516167252353
0.8169604483553794
0.8240256279176692
0.8265946215578156
0.828652831939184
0.8326377824383113
0.8339340991443382
0.8401085992081173
0.8415565862420893
0.8449609719729683
0.8511419943668539
0.8583013464859017
0.8613439849592783
0.8662429237759579
0.8678211590784127
0.8728677892228309
0.8779862070670257
0.8797060302309893
0.8857231910674312
0.8886403532775817
0.8896533377119851
0.8935873477273688
0.8976071116166923
0.9002913399424387
0.9015075043518638
0.9029021460198813
0.9036880641367007
0.9079976367606748
0.9335308872239905
0.9396782498834204
0.9494471075405526
0.9565548368529777
0.9655882955178838
0.9760565005682458
0.9820620424737863
1.0091003532495169
1.0158710066460985
1.0266874632409615
1.038143054554339
1.0483988884634958
1.0566719121343424
1.0632349171794138
1.0710460067143202
1.0775921535557917
1.0818290556827197
1.0846216602479113
1.1418127751619573
1.1424560243450823
1.1433186641870479
1.145001502274451
1.147224083213323
1.1533203710027329
1.1552633639093788
1.1593725665274852
1.1643894336481289
1.1691614201943121
1.171784402345648
1.1830992535245501
1.1878548611957487
1.1938345506831465
1.1994552018593505
1.2032283152186705
1.2164166894737671
1.230320341233514
1.232538728288289
1.2370271492500335
1.2376900953399772
1.2413589773414404
1.243333613523564
1.2482381804959046
1.250012929683075
1.2538286756845034
1.256297653887585
1.2613202822477647
1.263612122585149
1.268714849529665
1.275016443148568
1.2777827883958355
1.2805805812685147
1.2846070490501604
1.286440895844724
1.2873180099126722
1.297095915019944
1.3085670748300648
1.3161592769895485
1.3186199469134334
1.3203326477595847
1.3239540616201746
1.3254104453167483
1.3310974673176919
1.3351005893704673
1.3416590966222772
1.3471266874809147
1.3501549175285144
1.3510492475354912
1.3557882966257937
1.3597101963003118
1.3627198845323902
1.3651431290291747
1.3681828519138333
1.3705725792356263
1.375517087594263
1.3768602142003006
1.3800015852432237
1.3832945624599278
1.3858020199261643
1.3871479139504745
1.4281784611906754
1.431983045966112
1.4397193807878983
1.449526404027035
1.4595967754719323
1.4639327993550988
1.471040778290989
1.471648129989554
1.4731887453783583
1.4753564602381457
1.4766095375470925
1.478645972269604
1.4807011352337152
1.4854853301105058
1.4863205084447266
1.4890576471906778
1.493085983746321
1.4954218242525013
1.4982580560831926
1.500613314098259
1.5021446221841004
1.5047965283319544
1.5100844270229619
1.5142025960741132
1.5166693321629485
1.5187717432288594
1.522607290318379
1.5271535714520748
1.5302956764495033
1.5387340264892901
1.5422927535833248
1.5458302468618768
1.5488451432262027
1.5506964764506954
1.5531233424576627
1.5547759930307092
1.5568062657892665
1.5593541495726146
1.5618167379345849
1.5642858951215017
1.5661037577782375
1.5676622552402792
1.5696730804941472
1.5707705479341765
1.5710382124842373
1.5716619775617402
1.5844643495876696
1.5880336992966562
1.59342180046321
1.5987741911872053
1.6030336948346107
1.6048651285886795
1.6093096788038637
1.6097144450214946
1.611155329535212
1.6119176653024962
1.6136747245004097
1.6143372288533784
1.6157932683610297
1.6169556773676912
1.6182058274994877
1.6184818377749761
1.621136920101935
1.6225392923727036
1.6247795801743807
1.627480068221754
1.6299116346795757
1.6312203250745947
1.6362591842841652
1.6382275884507531
1.6405571877369338
1.6425938258464898
1.6438559681644787
1.6559111519806387
1.6564238800642008
1.6576338597640783
1.6593264530401006
1.6611071283066696
1.6623961949487063
1.6650267286478406
1.6663305941504059
1.6679916602035985
1.6695222568241679
1.6705948442538103
1.6709827586932016
1.6763921476324435
1.677182966367139
1.678281348002412
1.6793732763519436
1.6801870030497614
1.6821727970112699
1.6825942646964538
1.6833218803466554
1.6840725083367198
1.6846974434955027
1.685044130974865
1.685872391209881
1.686188877800138
1.6865109833122363
1.686742938212516
1.6868626261747088
2.206727479441317
2.207282116956442
2.208653455848092
2.2108576150740884
2.213688635644056
2.215653566655977
2.2195983510604123
2.2235811092387276
2.22869777852113
2.2340601906836413
2.237933038935471
2.2480443567749884
2.253435603782548
2.2598498627541126
2.2671352433330436
2.2737449886148617
2.2768207822293007
2.3008380516851816
2.305164501682139
2.312864360723969
2.3217950125062314
2.3304826483316683
2.335731340807883
2.3442698552635157
2.352320233762664
2.3603280141178176
2.3664259994567427
2.36924114651848
2.40651373176342
2.433326621761374
2.4379937237818257
2.4454429754746942
2.4536135499363807
2.459194655108459
2.475446547743018
2.482028666854425
2.49159912312845
2.501636571830611
2.5105623653557307
2.5134533720166408
2.52829409587617
2.5356482720794675
2.5432765740157306
2.549231642429495
2.55250234784332
2.624494359822864
2.626828847302725
2.6320816103272198
2.6394237859418226
2.647614932039313
2.65158636878166
2.6619981529064596
2.670054858359111
2.6793864875658664
2.6880670681727215
2.6935161577393965
2.7063231267999646
2.7193893944215812
2.7262378645781102
2.734428463051078
2.741845954428991
2.745880822333203
2.7634434068669957
2.7675597065890005
2.7739290630923095
2.780460784966496
2.7860458113259106
2.7892900055868255
2.793833120474576
2.7976288368956426
2.800791839392826
2.8028006152387372
2.8036100014957768
2.8551089040525572
3.0347812078251053
3.0358611595477623
3.0379159309259443
3.0406804321706558
3.043256257642655
3.0499302590745683
3.0527779016873433
3.0575189542050047
3.062916467957948
3.0678440283087105
3.0702840521854733
3.082277952473605
3.0871554900197546
3.0931939306464367
3.098810144716573
3.1025351797164573
3.130226619637008
3.132457725671393
3.1371958335956496
3.1433798975141767
3.1496765259427915
3.153696703120775
3.1632464482469063
3.168586800662193
3.175065143302352
3.180957930376127
3.1849119253908826
3.1857560000626437
3.2159106124794192
3.219534224881422
3.2249761905330105
3.230770005234808
3.235287051912203
3.2468899479375994
3.250044339446684
3.2552840171285267
3.2608833045776713
3.2657671841765423
3.26843384764574
3.276152525922295
3.2793221268376405
3.2826751463940362
3.285213136622838
3.2865721217088697
3.37106491381251
3.3717367421326103
3.373345189987073
3.3758112104456144
3.378730481590491
3.380576204933781
3.3860351068597967
3.3893255016367156
3.393670719948095
3.3981085176066976
3.4017209070558136
3.4026729263581252
3.4142407161584503
3.417701813741865
3.4220894570260705
3.426284121008176
3.429220125115809
3.4412825070564623
3.443204184907163
3.44671493793159
3.4507490078262024
3.4544970047539802
3.456493295382244
3.461606767675849
3.464340608089566
3.4672366275331714
3.469474906870664
3.470615562485982
3.4713993425042022
3.5082923363615173
3.5093178289319673
3.511134439407394
3.5133666402950645
3.5152964678564533
3.5199147437954554
3.5215372548287243
3.5241847920467038
3.527040771559892
3.5295545042350716
3.530892812206479
3.5359093532334374
3.537901198941773
3.540248783558609
3.542293222341574
3.543556296288664
3.5557565742065576
3.55626839412731
3.557474479247302
3.559163190655181
3.5609408826276003
3.5622302502502476
3.564866447162074
3.5661716099289675
3.5678316961970973
3.5693602694226176
3.5704291240692396
3.57081623114662
3.5762899079003914
3.577078516436601
3.578175779142664
3.5792680010137214
3.580082704640971
3.582081750103445
3.5825035677721533
3.583231779580592
3.583983745955372
3.584609830184618
3.584957393251878
3.58578970189568
3.5861070752383695
3.5864299585678716
3.5866625219995796
3.586782573863712
