-2.63299417727564
-2.6329305411422674
-2.6168356222668185
-2.6168304437184995
-2.5996371730211054
-2.5993743135553293
-2.56957508477257
-2.5694503645828606
-2.5157552763995334
-2.5152641127729676
-2.473581164057941
-2.472549338853856
-2.436093945383198
-2.435599815705105
-2.3145742086198844
-2.314183195093605
-2.242930659807392
-2.24228960608577
-2.1961535164879495
-2.195487653763492
-2.1133899974764794
-2.113292504439716
-1.9058287718712712
-1.905308458578439
-1.8102888126079129
-1.8095691466794894
-1.7405370726782623
-1.738468199503385
-1.601570031987272
-1.5942946757817698
-1.515155662612659
-1.503590760474614
-1.4459077447879176
-1.4393575575798732
-1.332773523120729
-1.3199196331553784
-1.2804414415705934
-1.2797400270902777
-0.6532577127933363
-0.6450496197138302
-0.5773916012139271
-0.5624550299981208
-0.49035721128889387
-0.46786195392089835
-0.37089619167640997
-0.35729172367042983
-0.29224516345793283
-0.25254104386877607
-0.09758785178599316
-0.017319397234820677
0.017319397234823786
0.09758785178599227
0.2525410438687765
0.2922451634579333
0.3572917236704294
0.37089619167640864
0.46786195392089924
0.49035721128889476
0.5624550299981212
0.5773916012139271
0.6450496197138309
0.6532577127933372
1.2797400270902783
1.2804414415705936
1.3199196331553786
1.3327735231207283
1.4393575575798732
1.4459077447879176
1.5035907604746144
1.515155662612659
1.594294675781771
1.6015700319872737
1.738468199503384
1.7405370726782614
1.8095691466794894
1.810288812607913
1.9053084585784412
1.9058287718712734
2.1132925044397166
2.11338999747648
2.1954876537634935
2.196153516487951
2.2422896060857713
2.2429306598073935
2.3141831950936056
2.3145742086198844
2.4355998157051046
2.4360939453831976
2.472549338853858
2.473581164057943
2.5152641127729685
2.515755276399535
2.5694503645828597
2.5695750847725694
2.5993743135553298
2.599637173021106
2.6168304437184995
2.616835622266819
2.632930541142267
2.6329941772756396
