-2.6368401411006546
-2.636838318111224
-2.6367868262658534
-2.6367851326005507
-2.6366709080527135
-2.6366704516191226
-2.63649895518982
-2.636490421783768
-2.636311741417274
-2.636300084913716
-2.636039738542113
-2.636021873893645
-2.63572268906426
-2.635720584696041
-2.6354960438528026
-2.6354898938515374
-2.6349375356070848
-2.6349151292187876
-2.634488292009529
-2.6344847036236634
-2.634114429203199
-2.634109270425294
-2.6336022171383577
-2.6335943325757674
-2.6330603911097366
-2.633054050453846
-2.632645890446056
-2.6326414851867592
-2.6323079009547303
-2.632280038533848
-2.630649959324547
-2.63064114396889
-2.6301912533634892
-2.6301898241846726
-2.629478185832825
-2.6294528176564285
-2.628626514249254
-2.6286006824707577
-2.627908987705545
-2.6278826738548764
-2.6270650780983167
-2.6270526298503647
-2.626335443367387
-2.626333060529211
-2.625925448867879
-2.6259235358674466
-2.6214908692724443
-2.621487678156783
-2.6203695811518815
-2.6203665505740656
-2.6198506589330552
-2.6198335335348033
-2.6189424665960925
-2.618932819446936
-2.6178230896195602
-2.6178055225091783
-2.6168324768693307
-2.6168185416764578
-2.6159654641454977
-2.6159556236220296
-2.6141539560643556
-2.6141511093047556
-2.613254309693298
-2.613253905536313
-2.611989516734191
-2.6119730470557365
-2.610333370346513
-2.610325231646343
-2.6092515851969043
-2.6092232242005564
-2.608075201530561
-2.6080611656794
-2.607072159817636
-2.6070597811167056
-2.6065957197483693
-2.6065879400753773
-2.606309950506232
-2.6063063447773542
-2.5941613518424242
-2.5941556120515252
-2.5935581882803636
-2.5935531048229152
-2.5923927081900713
-2.592391489236381
-2.590840592910526
-2.5908155856244184
-2.589394823745303
-2.5893555357441542
-2.5876013722695235
-2.5875488775023583
-2.5857435174576944
-2.5857395382165955
-2.584547997155406
-2.584530632638791
-2.5815429737586126
-2.5814965875306077
-2.579186863315249
-2.579178844324805
-2.5777530182814195
-2.5777165302063465
-2.5757978999129594
-2.575761693306513
-2.573771600264735
-2.573736473230024
-2.572216333638257
-2.572207924702679
-2.5711528448839474
-2.5710843810453663
-2.5671341475575233
-2.5670972860547536
-2.5658504871960965
-2.5658477765665655
-2.5641067508223756
-2.564003954870282
-2.5621886288461644
-2.5621143938137045
-2.560818118115793
-2.5607507248205303
-2.559419451478264
-2.5594187215806747
-2.5584429625267355
-2.55842819381604
-2.557973357280202
-2.5579585700433407
-2.534870029714324
-2.533840530897114
-2.521584041051144
-2.5212737428906826
-2.5200021718220778
-2.519931538393542
-2.5189809961142577
-2.51889524769562
-2.517588211113889
-2.517521771465536
-2.5162220389507537
-2.5161824695029313
-2.515139690354186
-2.515021387252899
-2.511379162258894
-2.511376270884333
-2.509678050031633
-2.509624023613045
-2.5074080242903807
-2.50736128029106
-2.5037313113712965
-2.503642257076021
-2.50136574800366
-2.5010372478963325
-2.498793152198946
-2.4985291401496945
-2.496258856229126
-2.4960343306905344
-2.4949860866429057
-2.4947322606051703
-2.4934311554010753
-2.4933921856969663
-2.481327994106284
-2.4811592870917543
-2.4796600454201556
-2.4796538905121692
-2.4773348804141495
-2.4768211686967625
-2.47411845308351
-2.4733907362724743
-2.4716414057757716
-2.4700905025555695
-2.4684221431648066
-2.467459383585903
-2.464851500586149
-2.464632416476507
-2.4629871505891523
-2.4628184934145745
-2.4604308791390737
-2.459877320556593
-2.4520368043559966
-2.4515722355685865
-2.4493551510559874
-2.4491724064548457
-2.446634163573234
-2.446484101070482
-2.443832325514872
-2.4436830682652504
-2.4419249389691644
-2.441766238517859
-2.44015066856683
-2.440075619609995
-2.434461736487501
-2.4344255752487185
-2.4326597837945494
-2.432619600338344
-2.430335915587524
-2.4302997748243156
-2.427921743911548
-2.4278289615692845
-2.4258265960932297
-2.425785766118035
-2.4244199583695774
-2.4243861750345275
-2.423106690232496
-2.423085090438321
-2.422488537896242
-2.4224754684943073
-2.421808510691713
-2.4218058779282523
-2.3372888040188893
-2.3372797367783846
-2.336678687377604
-2.336671323871733
-2.3353913133375963
-2.335389155294797
-2.3334783188823454
-2.333437173835078
-2.331510516232376
-2.3314397860665776
-2.328941370504371
-2.3288362353975454
-2.3258750475937946
-2.3258446332787552
-2.3238231044366735
-2.3237824673082406
-2.320031223458591
-2.319859189331797
-2.315014213518129
-2.314982105504421
-2.312105082439863
-2.31208893125345
-2.308329171654188
-2.308292444972602
-2.3043929480974614
-2.304361282499231
-2.301639865916972
-2.3015554668004534
-2.3002738277469863
-2.3001866539786566
-2.289092815171669
-2.2890672413421895
-2.2863712641915757
-2.286358449471248
-2.2823515368345406
-2.282295668412005
-2.277579175826859
-2.277528140005168
-2.2738670615768966
-2.27382552422022
-2.269860033193124
-2.2698474028037676
-2.266429401103283
-2.2664213383089096
-2.2646347401789266
-2.264632404689292
-2.250008683915328
-2.2491769326694886
-2.2352700962763876
-2.235267291815654
-2.2328090668837284
-2.2327545426186464
-2.2295781403109918
-2.2295511549922375
-2.225583926731528
-2.225577893815972
-2.2223219811083164
-2.22219038799509
-2.2199990024158867
-2.2199849150034243
-2.2119503951415016
-2.211912348956403
-2.2085790219448946
-2.2085647971119875
-2.2042918775129223
-2.2042175533448547
-2.198043715303028
-2.1979890421524444
-2.194031712722447
-2.1939299327458675
-2.1900465757889775
-2.1900080595621247
-2.1863628694036565
-2.186353438702488
-2.184639172620851
-2.184620416676814
-2.182832257861078
-2.182825339587077
-2.1547922742676553
-2.1547791486564405
-2.1529235923012178
-2.1529070762973257
-2.149545378857924
-2.149543895964953
-2.145188405649411
-2.145136526553745
-2.141378938344362
-2.1413120820582487
-2.137132578218837
-2.137079480022898
-2.1325889793873882
-2.1325703110259018
-2.129841202093027
-2.1298346361167497
-2.124374339609366
-2.124250369782602
-2.1175304411727125
-2.1175272758718293
-2.1147269127803257
-2.1146820833530766
-2.111008398748148
-2.110977755806485
-2.1072400982467046
-2.107215343968261
-2.104515939375155
-2.104497582445851
-2.102995845106727
-2.102993256437734
-2.096430449790214
-2.0963984568749914
-2.0945356991515856
-2.0945293873826527
-2.0920942387678836
-2.0920057820790876
-2.089578934026405
-2.089520068880803
-2.087936008322902
-2.087877335193633
-2.0863696342467297
-2.0863694038402802
-2.0853239471623066
-2.085311183925694
-2.0848416583459106
-2.084829997461948
-2.043543504230872
-2.038603299438445
-1.9059204080123806
-1.9054312542378897
-1.8537203500285908
-1.8536677230092007
-1.8528579572958994
-1.8527309896347226
-1.8519596573208168
-1.8518425782953103
-1.8506271621025645
-1.8503835359283645
-1.8490593672437918
-1.848726557626795
-1.8447527879024195
-1.8447064197566339
-1.8430231693740025
-1.8429123484725645
-1.8398237033940277
-1.8397259515052184
-1.8377884809693437
-1.837514714006787
-1.8311848588681587
-1.830981919261876
-1.8276625117520617
-1.8274508450637352
-1.8241098136242402
-1.8240681611825393
-1.821595304382692
-1.821524764491475
-1.8182676051282936
-1.8182586934746796
-1.8007439575064288
-1.8004056740315184
-1.7982166674620794
-1.7979984388433305
-1.7942123627294373
-1.7934548668582557
-1.7896230554483408
-1.7890637924491835
-1.7858916959893003
-1.7807732178629205
-1.779377690134215
-1.7790103344853514
-1.7726033610680563
-1.77246514632359
-1.7693807293816788
-1.7690608572651907
-1.7659974297765924
-1.7655393422137013
-1.7568991826377227
-1.7561668715555365
-1.7400352723232106
-1.7395493867304794
-1.735390068725215
-1.7345261496262812
-1.7309711214800645
-1.7306258739125258
-1.7272231135308254
-1.7261444777971013
-1.7219944645463257
-1.7213725224360996
-1.7102837694519089
-1.7102783003653916
-1.7069380840243176
-1.7066227513396623
-1.7011646849604245
-1.700989584693002
-1.6976832315925265
-1.6968147496135018
-1.6905500869470114
-1.6889886171043351
-1.6861631399090464
-1.6848408206994423
-1.6819522122256876
-1.6818298223689916
-1.6800027176841392
-1.679546734384646
-1.6772498814755679
-1.6771230211733152
-1.6050980567560265
-1.604874303771473
-1.6034970827937385
-1.6033317229552255
-1.6004579537107126
-1.6002888219560745
-1.596108261022302
-1.5957832810865864
-1.5921668032188134
-1.5911867896153833
-1.5885541063760455
-1.5884353304169763
-1.58090835278926
-1.580774376516706
-1.5768041583368617
-1.5765282995326593
-1.571897698482664
-1.5714141595743085
-1.5616317750477924
-1.5615987613799922
-1.5541980980180816
-1.5537650391770923
-1.5481182977947212
-1.5476563355589732
-1.5421163219954102
-1.542103993038732
-1.5385837318069722
-1.5382984715093573
-1.5338602555865049
-1.5338050401522303
-1.5169061805462665
-1.516480574172764
-1.5128982272452316
-1.5126707369466144
-1.507466430753174
-1.5067617149714116
-1.5006348027612797
-1.50060696845258
-1.4958817742230137
-1.4946890162888928
-1.4915079432504752
-1.4908598627971985
-1.4864198096273848
-1.4860214239924758
-1.4841674846918358
-1.4837544536021827
-1.481855015284196
-1.481439714563022
-1.4586577797117926
-1.457184401083645
-1.4188395789169417
-1.4185515300746752
-1.4159351452602311
-1.4151385206430058
-1.4131669244805383
-1.412470264094307
-1.4100558465983442
-1.4085583845446823
-1.4050047990510406
-1.4036980226825022
-1.3955669808801523
-1.3953375283318867
-1.3922432615511018
-1.391801509862142
-1.3863283982744365
-1.3862007313629805
-1.3832690944222854
-1.3822645234083526
-1.374342859348189
-1.3726587723819008
-1.3691057715040238
-1.3668683871952476
-1.363885273471404
-1.3636000485184747
-1.3611373900214216
-1.3600056980934323
-1.3563204153050603
-1.3559960842892644
-1.3318252433189515
-1.3313972637658502
-1.3298218071991843
-1.3293778179748625
-1.3266681284921304
-1.3259053965438392
-1.3241072663161002
-1.3221194007284953
-1.3198302826116097
-1.314445599262697
-1.3123739452882974
-1.310826399749539
-1.3064227379079214
-1.3060584799264763
-1.303798156590395
-1.3032208246351364
-1.3005815578074467
-1.2999964530275707
-1.2987524061765678
-1.2972432201968187
-1.2858120608215964
-1.2856757392765135
-1.2829496097697972
-1.282622416643955
-1.2804473101713312
-1.2803808566936161
-1.2783133318289905
-1.277714499109278
-1.2754742575310736
-1.2750755703853096
-1.269862272072209
-1.2696850579812464
-1.2684922579565132
-1.2682565476926984
-1.2662507009063853
-1.266157612545637
-1.2651398637026157
-1.2646029493931226
-1.2629376536070318
-1.2619796021548364
-1.2610988066281628
-1.2602516401054655
-1.2599361685086743
-1.259801783468827
-1.2592766147588386
-1.2590233111327986
-1.2584333332158635
-1.2583665403152766
-0.6734270829173808
-0.6732586055495952
-0.6725848397317873
-0.6725601804059482
-0.6721124380337231
-0.6719577560080852
-0.6715234825970018
-0.6710369229617129
-0.6700975396109221
-0.66764602409842
-0.6675463579404733
-0.6651083071172156
-0.6649385703898398
-0.6644339559053392
-0.6623908936470546
-0.662349843223013
-0.6616062303078476
-0.6597328901862066
-0.6553563772760631
-0.6545435035562269
-0.652921475926245
-0.6517327749333826
-0.6497495758742309
-0.6483024888617442
-0.6460445055495715
-0.6451927282221868
-0.644659346344017
-0.6435001080440508
-0.6417482720886453
-0.6415123889170268
-0.6289289915445961
-0.6273292103560522
-0.6246020747138553
-0.6243297885534038
-0.6225658712084267
-0.6190636987446249
-0.6162072011372283
-0.6143914932083312
-0.6136029972344825
-0.6031588406477574
-0.6028528664242897
-0.6001635455837963
-0.5979162369324558
-0.5966068303271519
-0.595365637903134
-0.5943525370529081
-0.5922340260486029
-0.5901172485848879
-0.5759194943709942
-0.5687635466205974
-0.5596965034646763
-0.5591788228068049
-0.5552314343429451
-0.5545036143976801
-0.5505737049754746
-0.5500581129525315
-0.5465380053325577
-0.5454708327179865
-0.5414842844831196
-0.5407385911838377
-0.5288834032269801
-0.5287555406096355
-0.5247570970108938
-0.5239242476650651
-0.5180931074425685
-0.5175177530383028
-0.5134210547873638
-0.5113260861496906
-0.5039421034396139
-0.5026103436467739
-0.4985409631041925
-0.4974111880028974
-0.49303628576058844
-0.4925792720971882
-0.4900329425950511
-0.4895875465327277
-0.48627184290869835
-0.48615837762116215
-0.43500755092458093
-0.4343447393170564
-0.43250560933709203
-0.4317938243524533
-0.4282065641691318
-0.4281748910832379
-0.4240312404860267
-0.42226499652416427
-0.42070656037700543
-0.4147332514926232
-0.4095575981090848
-0.408694322098773
-0.40041584027725113
-0.39943805437569535
-0.39470729070345334
-0.3936196926235746
-0.3912025557232716
-0.38747495509553564
-0.38047394314884997
-0.3773696545204275
-0.3671677212433371
-0.36629703254281026
-0.36092531625702673
-0.35904170087082526
-0.35566108492522286
-0.35397721352579636
-0.3514197146448662
-0.3504235957375336
-0.3454235719065672
-0.34531116338161966
-0.3297339488426674
-0.3280080816535507
-0.32377361984233355
-0.322808680598251
-0.3203849324768097
-0.31758356222643536
-0.3161138919691068
-0.31243549903416945
-0.31071991869885035
-0.30042435327105654
-0.3004158832134315
-0.2992532621593564
-0.2983213708722808
-0.29727062591197145
-0.2963517592290215
-0.29509110119543763
-0.2941304414066782
-0.28857123169820653
-0.28500316790249736
-0.2557583068056495
-0.15609062967387238
-0.1559103324668716
-0.15432668780200914
-0.15382831086014867
-0.15212253773953538
-0.14886469021102708
-0.14788831535965413
-0.14559897975010017
-0.14177102580091594
-0.1363682486639877
-0.1352506939070627
-0.13345794943536424
-0.1317826796922592
-0.13097370532538105
-0.12750750398229085
-0.1268531911671453
-0.12483675340350343
-0.12334892611288718
-0.12125230832989974
-0.11709357103760976
-0.11379528490706736
-0.11067898748381187
-0.1095701660388808
-0.10145236743649377
-0.099504629434748
-0.09812040870135022
-0.09527628505020612
-0.09482323007692414
-0.07639800066701094
-0.07571743225426708
-0.07505050567910125
-0.0747902089023219
-0.06997939077618225
-0.0694153091834306
-0.06872742761521575
-0.06767493056394572
-0.06739981693744597
-5.168519889716236e-14
5.186633862166788e-14
0.06739981693744582
0.06767493056394676
0.06872742761521562
0.06941530918343188
0.06997939077618198
0.07479020890232295
0.07505050567910135
0.07571743225426765
0.07639800066701066
0.09482323007692407
0.0952762850502066
0.0981204087013504
0.09950462943474907
0.10145236743649395
0.10957016603888173
0.11067898748381252
0.11379528490706736
0.1170935710376102
0.12125230832989975
0.1233489261128883
0.1248367534035037
0.12685319116714586
0.12750750398229166
0.13097370532538158
0.13178267969226026
0.13345794943536488
0.13525069390706304
0.13636824866398797
0.14177102580091594
0.14559897975010028
0.14788831535965458
0.14886469021102852
0.15212253773953516
0.15382831086014923
0.1543266878020089
0.15591033246687208
0.15609062967387244
0.25575830680564904
0.2850031679025
0.2885712316982074
0.29413044140667816
0.29509110119543785
0.2963517592290222
0.29727062591197173
0.29832137087228144
0.2992532621593565
0.30041588321343177
0.30042435327105743
0.3107199186988506
0.31243549903417
0.316113891969107
0.31758356222643547
0.3203849324768111
0.32280868059825096
0.32377361984233366
0.3280080816535509
0.32973394884266743
0.3453111633816202
0.34542357190656814
0.35042359573753407
0.35141971464486665
0.35397721352579675
0.3556610849252236
0.35904170087082554
0.3609253162570271
0.3662970325428113
0.36716772124333763
0.3773696545204275
0.3804739431488504
0.3874749550955361
0.39120255572327167
0.39361969262357516
0.394707290703454
0.39943805437569574
0.40041584027725136
0.40869432209877327
0.4095575981090855
0.4147332514926245
0.4207065603770052
0.4222649965241646
0.4240312404860266
0.42817489108323753
0.4282065641691314
0.4317938243524531
0.43250560933709237
0.4343447393170556
0.4350075509245811
0.4861583776211625
0.48627184290869907
0.48958754653272846
0.4900329425950521
0.49257927209718855
0.4930362857605888
0.4974111880028979
0.4985409631041931
0.5026103436467748
0.5039421034396143
0.5113260861496909
0.5134210547873647
0.5175177530383036
0.5180931074425693
0.5239242476650655
0.5247570970108941
0.5287555406096359
0.5288834032269804
0.5407385911838378
0.5414842844831196
0.5454708327179866
0.5465380053325578
0.5500581129525318
0.5505737049754749
0.5545036143976806
0.5552314343429454
0.5591788228068046
0.5596965034646758
0.5687635466205978
0.5759194943709947
0.590117248584888
0.5922340260486041
0.5943525370529089
0.5953656379031349
0.596606830327153
0.5979162369324563
0.600163545583797
0.6028528664242901
0.6031588406477588
0.6136029972344827
0.6143914932083311
0.6162072011372293
0.6190636987446254
0.622565871208428
0.6243297885534044
0.6246020747138565
0.6273292103560525
0.6289289915445968
0.6415123889170274
0.6417482720886459
0.6435001080440512
0.6446593463440168
0.6451927282221865
0.6460445055495719
0.6483024888617449
0.6497495758742315
0.6517327749333831
0.6529214759262457
0.6545435035562275
0.6553563772760637
0.659732890186207
0.6616062303078485
0.6623498432230134
0.6623908936470546
0.6644339559053398
0.664938570389841
0.6651083071172164
0.6675463579404736
0.6676460240984209
0.6700975396109228
0.671036922961713
0.6715234825970029
0.6719577560080862
0.6721124380337241
0.6725601804059497
0.6725848397317881
0.6732586055495962
0.673427082917381
1.2583665403152764
1.2584333332158641
1.2590233111327984
1.259276614758839
1.2598017834688282
1.259936168508675
1.2602516401054658
1.2610988066281623
1.2619796021548366
1.262937653607032
1.2646029493931232
1.265139863702616
1.2661576125456382
1.2662507009063864
1.2682565476926988
1.2684922579565137
1.2696850579812466
1.26986227207221
1.2750755703853098
1.2754742575310738
1.277714499109278
1.27831333182899
1.2803808566936168
1.2804473101713318
1.2826224166439553
1.2829496097697974
1.2856757392765135
1.2858120608215964
1.297243220196819
1.2987524061765683
1.299996453027571
1.3005815578074469
1.3032208246351367
1.3037981565903953
1.3060584799264763
1.3064227379079218
1.3108263997495393
1.312373945288298
1.3144455992626982
1.31983028261161
1.3221194007284964
1.3241072663160998
1.3259053965438394
1.3266681284921311
1.3293778179748637
1.3298218071991845
1.3313972637658504
1.3318252433189515
1.355996084289265
1.3563204153050605
1.3600056980934325
1.3611373900214219
1.363600048518476
1.3638852734714053
1.3668683871952474
1.3691057715040238
1.3726587723819013
1.374342859348189
1.3822645234083533
1.383269094422286
1.3862007313629807
1.3863283982744368
1.3918015098621423
1.3922432615511022
1.3953375283318872
1.3955669808801532
1.403698022682503
1.4050047990510415
1.4085583845446825
1.4100558465983446
1.4124702640943076
1.4131669244805394
1.4151385206430065
1.4159351452602311
1.418551530074676
1.4188395789169417
1.4571844010836452
1.4586577797117928
1.4814397145630223
1.4818550152841967
1.4837544536021827
1.484167484691836
1.4860214239924765
1.4864198096273853
1.4908598627971987
1.4915079432504754
1.4946890162888924
1.4958817742230135
1.5006069684525782
1.5006348027612793
1.5067617149714119
1.5074664307531742
1.5126707369466155
1.5128982272452325
1.516480574172764
1.5169061805462665
1.533805040152231
1.5338602555865055
1.5382984715093573
1.5385837318069724
1.542103993038733
1.5421163219954113
1.547656335558973
1.548118297794721
1.5537650391770927
1.554198098018082
1.5615987613799935
1.561631775047794
1.571414159574309
1.5718976984826643
1.57652829953266
1.5768041583368626
1.5807743765167068
1.5809083527892607
1.5884353304169772
1.5885541063760464
1.591186789615384
1.5921668032188139
1.5957832810865868
1.5961082610223025
1.6002888219560754
1.6004579537107135
1.6033317229552257
1.603497082793739
1.604874303771473
1.6050980567560267
1.677123021173315
1.6772498814755679
1.6795467343846462
1.680002717684139
1.6818298223689931
1.6819522122256887
1.684840820699442
1.6861631399090462
1.688988617104335
1.6905500869470118
1.6968147496135022
1.6976832315925268
1.700989584693003
1.7011646849604254
1.7066227513396628
1.706938084024318
1.710278300365392
1.7102837694519097
1.7213725224360996
1.7219944645463254
1.7261444777971011
1.7272231135308251
1.7306258739125266
1.7309711214800658
1.7345261496262816
1.7353900687252153
1.7395493867304799
1.7400352723232102
1.7561668715555367
1.756899182637723
1.7655393422137011
1.765997429776592
1.7690608572651916
1.7693807293816795
1.772465146323591
1.772603361068057
1.7790103344853523
1.7793776901342155
1.7807732178629219
1.7858916959893003
1.7890637924491841
1.7896230554483419
1.7934548668582562
1.7942123627294382
1.7979984388433319
1.7982166674620805
1.8004056740315186
1.8007439575064292
1.8182586934746803
1.8182676051282942
1.8215247644914752
1.821595304382692
1.82406816118254
1.8241098136242406
1.8274508450637352
1.8276625117520617
1.8309819192618761
1.8311848588681592
1.8375147140067876
1.8377884809693443
1.8397259515052193
1.8398237033940286
1.8429123484725647
1.8430231693740027
1.8447064197566345
1.8447527879024204
1.8487265576267957
1.8490593672437925
1.850383535928365
1.850627162102565
1.8518425782953112
1.851959657320818
1.8527309896347228
1.8528579572958994
1.853667723009201
1.8537203500285908
1.9054312542378873
1.9059204080123784
2.0386032994384444
2.0435435042308714
2.0848299974619486
2.084841658345911
2.085311183925694
2.085323947162307
2.086369403840281
2.086369634246731
2.087877335193633
2.0879360083229024
2.0895200688808035
2.0895789340264055
2.0920057820790876
2.092094238767883
2.0945293873826536
2.0945356991515864
2.096398456874991
2.096430449790214
2.1029932564377343
2.1029958451067277
2.1044975824458514
2.1045159393751556
2.1072153439682615
2.1072400982467054
2.110977755806485
2.111008398748148
2.114682083353077
2.114726912780326
2.1175272758718298
2.117530441172713
2.1242503697826005
2.1243743396093646
2.129834636116751
2.1298412020930284
2.132570311025902
2.1325889793873887
2.1370794800228974
2.1371325782188366
2.1413120820582487
2.141378938344362
2.145136526553746
2.145188405649412
2.1495438959649533
2.1495453788579244
2.1529070762973253
2.1529235923012173
2.1547791486564396
2.1547922742676544
2.1828253395870774
2.1828322578610786
2.1846204166768146
2.1846391726208516
2.186353438702489
2.1863628694036574
2.1900080595621247
2.1900465757889775
2.193929932745868
2.1940317127224476
2.197989042152445
2.1980437153030286
2.2042175533448547
2.2042918775129223
2.208564797111989
2.208579021944896
2.211912348956404
2.211950395141502
2.219984915003425
2.2199990024158875
2.22219038799509
2.222321981108317
2.2255778938159727
2.2255839267315287
2.2295511549922375
2.2295781403109918
2.2327545426186473
2.232809066883729
2.235267291815654
2.235270096276388
2.2491769326694886
2.250008683915328
2.2646324046892925
2.264634740178927
2.266421338308911
2.266429401103284
2.269847402803768
2.2698600331931242
2.273825524220221
2.2738670615768974
2.2775281400051686
2.2775791758268595
2.282295668412005
2.28235153683454
2.2863584494712486
2.2863712641915757
2.2890672413421895
2.2890928151716694
2.300186653978656
2.300273827746986
2.3015554668004534
2.301639865916972
2.3043612824992317
2.304392948097462
2.3082924449726026
2.3083291716541883
2.312088931253451
2.3121050824398632
2.3149821055044213
2.3150142135181295
2.319859189331796
2.3200312234585905
2.3237824673082415
2.3238231044366744
2.325844633278756
2.3258750475937955
2.328836235397545
2.3289413705043707
2.3314397860665776
2.331510516232376
2.3334371738350783
2.333478318882346
2.3353891552947985
2.3353913133375976
2.336671323871733
2.336678687377604
2.3372797367783846
2.3372888040188893
2.4218058779282527
2.421808510691713
2.4224754684943073
2.4224885378962426
2.423085090438321
2.423106690232496
2.4243861750345275
2.4244199583695774
2.425785766118035
2.42582659609323
2.427828961569285
2.427921743911549
2.4302997748243156
2.430335915587524
2.4326196003383442
2.43265978379455
2.4344255752487185
2.434461736487501
2.4400756196099955
2.440150668566831
2.441766238517859
2.4419249389691644
2.4436830682652504
2.443832325514872
2.446484101070483
2.446634163573235
2.449172406454846
2.449355151055988
2.4515722355685865
2.4520368043559975
2.459877320556593
2.4604308791390745
2.462818493414575
2.4629871505891527
2.4646324164765074
2.4648515005861493
2.4674593835859033
2.468422143164807
2.47009050255557
2.471641405775771
2.4733907362724743
2.47411845308351
2.476821168696762
2.477334880414149
2.4796538905121692
2.4796600454201556
2.4811592870917534
2.4813279941062834
2.493392185696967
2.493431155401076
2.494732260605171
2.4949860866429066
2.496034330690535
2.4962588562291264
2.498529140149695
2.4987931521989464
2.501037247896333
2.5013657480036606
2.5036422570760224
2.503731311371298
2.50736128029106
2.5074080242903807
2.5096240236130454
2.5096780500316336
2.511376270884335
2.511379162258896
2.515021387252899
2.515139690354186
2.5161824695029322
2.5162220389507546
2.5175217714655362
2.51758821111389
2.518895247695621
2.5189809961142586
2.5199315383935414
2.520002171822078
2.521273742890682
2.521584041051143
2.5338405308971135
2.534870029714324
2.5579585700433407
2.557973357280202
2.5584281938160394
2.558442962526735
2.559418721580676
2.559419451478266
2.560750724820531
2.5608181181157934
2.562114393813704
2.562188628846164
2.564003954870282
2.564106750822375
2.5658477765665664
2.565850487196098
2.567097286054754
2.567134147557524
2.5710843810453663
2.571152844883947
2.5722079247026794
2.5722163336382575
2.5737364732300243
2.573771600264736
2.5757616933065135
2.57579789991296
2.577716530206347
2.57775301828142
2.579178844324806
2.57918686331525
2.581496587530607
2.5815429737586113
2.584530632638792
2.584547997155407
2.5857395382165955
2.585743517457695
2.5875488775023583
2.587601372269523
2.589355535744154
2.5893948237453026
2.590815585624418
2.590840592910526
2.5923914892363813
2.592392708190072
2.593553104822915
2.5935581882803627
2.594155612051525
2.594161351842424
2.606306344777355
2.606309950506233
2.606587940075378
2.6065957197483702
2.6070597811167064
2.607072159817637
2.6080611656794006
2.6080752015305615
2.6092232242005573
2.609251585196905
2.610325231646344
2.6103333703465137
2.6119730470557365
2.611989516734191
2.613253905536313
2.6132543096932985
2.614151109304756
2.614153956064356
2.61595562362203
2.615965464145498
2.616818541676459
2.616832476869332
2.617805522509179
2.617823089619561
2.6189328194469366
2.618942466596093
2.6198335335348033
2.6198506589330552
2.6203665505740665
2.6203695811518823
2.6214876781567815
2.621490869272443
2.6259235358674475
2.62592544886788
2.626333060529212
2.6263354433673882
2.627052629850365
2.6270650780983167
2.6278826738548773
2.627908987705546
2.6286006824707586
2.6286265142492544
2.6294528176564285
2.629478185832825
2.6301898241846744
2.6301912533634906
2.630641143968891
2.630649959324548
2.632280038533848
2.63230790095473
2.63264148518676
2.6326458904460575
2.6330540504538473
2.6330603911097374
2.6335943325757682
2.6336022171383586
2.634109270425295
2.6341144292032
2.6344847036236647
2.63448829200953
2.6349151292187876
2.6349375356070848
2.6354898938515383
2.6354960438528034
2.6357205846960423
2.635722689064261
2.636021873893645
2.6360397385421135
2.636300084913717
2.6363117414172743
2.6364904217837686
2.6364989551898206
2.636670451619124
2.6366709080527144
2.6367851326005516
2.636786826265854
2.6368383181112245
2.636840141100655
