-2.636850888434456
-2.636848709932347
-2.6368125495892882
-2.6368098311604276
-2.636779035389326
-2.6367767802772213
-2.6366913707339603
-2.636690416035624
-2.6365382695583968
-2.6365339810941286
-2.6364792105983152
-2.6364692716214995
-2.6363421241409495
-2.6363294953687055
-2.636266217134152
-2.636261867713992
-2.635941996800215
-2.6359343245755573
-2.635723504894964
-2.6357194068837098
-2.635596281600952
-2.635591849509852
-2.635378865445074
-2.635371802503462
-2.634615882707942
-2.6346112535173187
-2.6345007051612814
-2.634497573608164
-2.634247952835812
-2.634243711879672
-2.6340521359630102
-2.634048943288227
-2.6336092924255934
-2.633605595411579
-2.6332279486146533
-2.6332245434465666
-2.633017844964537
-2.6330133306366275
-2.632720773823624
-2.6327192558858976
-2.632586483012733
-2.632584345837934
-2.630797125528398
-2.630789517897447
-2.6304445452713465
-2.6304382347943864
-2.630185362928845
-2.6301813003235126
-2.6296532114013598
-2.629642085581895
-2.628887599236811
-2.6288804309026346
-2.628618587168108
-2.6286002453191504
-2.6281072365587366
-2.6280766307897867
-2.6277824428121432
-2.627771958400706
-2.6269383238326367
-2.626934668267432
-2.626425958247745
-2.6264253151897208
-2.6261676410935078
-2.6261673175313907
-2.6258284316588885
-2.6258276457065097
-2.6241961751924254
-2.624169224256493
-2.6203891128329238
-2.6203851893607446
-2.6201500090572583
-2.620144867345835
-2.6197957861551564
-2.619786929653645
-2.6191361607993127
-2.6191328245563366
-2.6186013598025206
-2.6185959841501587
-2.617830039688527
-2.6178181735087356
-2.6171669374766817
-2.617163869793109
-2.6166508431888205
-2.616650127499579
-2.6149089301214468
-2.6149082594719686
-2.6143565816526633
-2.6143548220275195
-2.6135464848172307
-2.613542782243027
-2.6128254971472558
-2.6128238920195788
-2.6121973931598816
-2.6121957920695813
-2.610408774128604
-2.6104069702885937
-2.6098113115508244
-2.6098098932775717
-2.609138248965934
-2.609125567826515
-2.608232232693011
-2.6082240466407054
-2.6076213762810756
-2.6076194903882897
-2.606976539637363
-2.6069675315330585
-2.606536826305254
-2.606534502837918
-2.606315465316583
-2.606313403606913
-2.601949859413813
-2.601925868987841
-2.5942829093643875
-2.5942757215550216
-2.5938143797775495
-2.593806271889354
-2.593434950667021
-2.59342784465765
-2.5925527799563612
-2.5925496653352904
-2.5910752903448877
-2.5910622504789194
-2.5905329175963834
-2.5904959428551355
-2.589454872986058
-2.589422641940732
-2.5889227024363235
-2.588910136868256
-2.5869822345815017
-2.586956543732946
-2.585678821330142
-2.5856661926316815
-2.5850055401777823
-2.5849883366477284
-2.5839933967814797
-2.5839700464868933
-2.579315477425414
-2.5793067813245973
-2.5789047377850287
-2.57890316795884
-2.5779018796900224
-2.5778715104298144
-2.5771844591403
-2.577165179633155
-2.5756234914586007
-2.575602558080235
-2.5739682341283032
-2.5739447738652204
-2.5732386587718667
-2.5732038869684257
-2.5721421721493116
-2.572138566084184
-2.5717494170285597
-2.571741247717623
-2.567591706941527
-2.5675531835248675
-2.566472624443744
-2.5664448882784514
-2.5657678668430868
-2.5657441620411814
-2.5644843429228055
-2.56443455392005
-2.5624461500708704
-2.562416149692194
-2.561991969936899
-2.561910934262298
-2.560985644083856
-2.5609048025605086
-2.5604848448277533
-2.5604521463715746
-2.5592219912375995
-2.55921338302696
-2.5585055069247264
-2.5584860083174368
-2.55821890281638
-2.5581955364919313
-2.5578740099385695
-2.5578544018507663
-2.5245773873514015
-2.5244440431886224
-2.5215840438689257
-2.521273752996446
-2.520152549799011
-2.5200839736522584
-2.51980674698292
-2.5197932006244392
-2.518837029087647
-2.5188328410411414
-2.518029989951363
-2.5179673195956633
-2.5173533690719703
-2.5173327241839205
-2.516078514687883
-2.51586456167664
-2.5151987922725074
-2.515177551496911
-2.511986305574651
-2.5119570168457592
-2.510674037234566
-2.510627797767704
-2.509649505508893
-2.509609929550732
-2.5078050034642474
-2.507766363444906
-2.505885917072576
-2.505869429265985
-2.5037691312971315
-2.5036745570947314
-2.50204448808005
-2.50182133856223
-2.500693419906266
-2.5006254207671383
-2.498122415888327
-2.498111316596475
-2.4967161869701666
-2.4966434353925164
-2.4955412291243437
-2.4954667040458802
-2.4940437932668704
-2.4939076200089922
-2.4933259787381745
-2.4932673093288025
-2.4816827870650306
-2.4816614524906178
-2.480935140336394
-2.4807141658987675
-2.4797866346565223
-2.479676540544148
-2.478058424814638
-2.4778917451112115
-2.4766428336787767
-2.4763125339265764
-2.4741391121840106
-2.4737420652989357
-2.4723253548622206
-2.472066515925823
-2.4703266010400973
-2.469985079918629
-2.467859600121154
-2.4674322032269105
-2.4660354836014875
-2.465950830162976
-2.4640759393668628
-2.4639993975541366
-2.4629525783351705
-2.462802971369932
-2.461822590692196
-2.4617200526588565
-2.452040309277175
-2.4515787964748488
-2.4500395576749208
-2.449959602236347
-2.448948838370111
-2.4488974182055046
-2.4468938004305048
-2.4468780052123567
-2.445335253229929
-2.4453117712716277
-2.4434859151286505
-2.4433872463099076
-2.441469805964611
-2.441465962667897
-2.440187086346607
-2.4401494138031814
-2.436909634945317
-2.4368853192004827
-2.4346298967224294
-2.434613442915753
-2.432953747200472
-2.4329299071395947
-2.4316631753895437
-2.431653227380834
-2.430160181270006
-2.430146806813546
-2.4279423772181685
-2.42785266503384
-2.426370361001387
-2.4263547847349636
-2.4254405376801795
-2.4254258642181683
-2.424047376078813
-2.4240444743583227
-2.423291279239397
-2.423281669993381
-2.422689268553853
-2.4226765003923787
-2.4219967754952685
-2.4219945589275302
-2.421744810682546
-2.4217436948637046
-2.4175284356419646
-2.417512615673797
-2.337405343401912
-2.337395187076174
-2.3369566584628605
-2.336943992675473
-2.3365715864393626
-2.3365610699069097
-2.3355769511981834
-2.3355742716908963
-2.3338598220182174
-2.3338369651230155
-2.333210840178434
-2.333156833922228
-2.331744479534641
-2.3316739999078404
-2.330978604168721
-2.3309544144256797
-2.3277405397976163
-2.327706118115142
-2.3256510922059146
-2.3256350183769965
-2.324474809876334
-2.324457388606118
-2.3225227784495783
-2.3224948442876925
-2.315489542663249
-2.315470806686678
-2.314932384249442
-2.314902782980937
-2.3127998222611423
-2.312794570730501
-2.3113670756000038
-2.3113584876572006
-2.3079617198282802
-2.307953091581248
-2.3050210501525745
-2.3050107282249215
-2.303710945717397
-2.303698666175541
-2.3015255220157393
-2.3015010576821946
-2.300642534710937
-2.3006336282643702
-2.289846363583966
-2.2898330103594935
-2.287643859381985
-2.287635939233292
-2.2861167911887166
-2.2861128786889786
-2.2830468154804455
-2.283028805965569
-2.278530098088837
-2.2785067498611364
-2.277323714327247
-2.2772764359878392
-2.2745637833975922
-2.2745089560998406
-2.273070879009169
-2.273056622716514
-2.2690216931914016
-2.2690094590658654
-2.266632221610945
-2.2666244847652486
-2.2655504504604216
-2.265541516938595
-2.2641637212055574
-2.2641541913933536
-2.2486522428835856
-2.248533821917703
-2.235272877398893
-2.23527036979547
-2.233492073349582
-2.2334485325930524
-2.232355488631439
-2.2323532845317344
-2.2296194965271865
-2.2296006719968737
-2.2275543301490215
-2.2275089022787
-2.2252472960439866
-2.2252437224476895
-2.2223736765972846
-2.222287680846039
-2.220503207228448
-2.220496119066581
-2.213552386931323
-2.213547275809874
-2.2114776337733937
-2.211472995175778
-2.2089635226100803
-2.2089578478613245
-2.20588547718684
-2.2058789286406006
-2.203783569216294
-2.203781684727
-2.198149809338588
-2.1981091875178977
-2.195528702144999
-2.1954858443482417
-2.1932950362384322
-2.1932844068893322
-2.1896353986949344
-2.1895998013871516
-2.1875451800745376
-2.1875184036876583
-2.18549532034536
-2.185490343950455
-2.183585721346943
-2.1835473053600523
-2.1827051323012436
-2.1826940989445536
-2.166240078119173
-2.166147759861476
-2.1551312174858093
-2.155112244578279
-2.153592453822282
-2.153572153438014
-2.152375058357853
-2.152356500258253
-2.1498055630648856
-2.149797281194725
-2.145650696479822
-2.145622124300836
-2.144025505713623
-2.1439580964192175
-2.141279387135429
-2.1412377434423657
-2.139697920815156
-2.13968705847702
-2.135245147050282
-2.1351989666938125
-2.1321567950520586
-2.132131692510242
-2.1306022369038953
-2.130568256612676
-2.1284121492265724
-2.128372126559794
-2.117666533068352
-2.117663253577831
-2.116626233393931
-2.116620726052816
-2.1147603034476226
-2.114727536592855
-2.1131389539379155
-2.113119318626545
-2.1104067365373624
-2.110380352436711
-2.1073977686446375
-2.107374061761925
-2.1059225725760156
-2.1058848416564864
-2.104088744763331
-2.104088299420676
-2.103123072848087
-2.1031075618626844
-2.0970873311785843
-2.0970449854687705
-2.0953730390678516
-2.095343897093431
-2.0943432859750746
-2.09431756512103
-2.092566138195918
-2.0925178075110025
-2.089866867494145
-2.089841979289218
-2.0892813393820977
-2.089212051736443
-2.088087808789943
-2.0880240978287112
-2.087519568185984
-2.087492701752923
-2.0861442498311487
-2.086136163088809
-2.0853818151669623
-2.0853658016758123
-2.0850870742267915
-2.0850678893355803
-2.084739832191441
-2.084724140488719
-1.9059204080123777
-1.9054312542378868
-1.8581730395082443
-1.8577903290514564
-1.8538357591091519
-1.8537207266098534
-1.8535516013574154
-1.853443061658297
-1.8526259709867239
-1.8525403560562197
-1.8520243817208695
-1.8517903682756385
-1.8514200581165114
-1.851212526154183
-1.8498496365875374
-1.849362541080974
-1.8486997594322694
-1.8485564091045321
-1.8450094245264854
-1.8449703576407093
-1.8436808178902242
-1.8434852212371096
-1.842311891404014
-1.8422540623154198
-1.839831641003788
-1.839703229451158
-1.8378291772042155
-1.837554276636784
-1.8360253295191284
-1.8358927770376634
-1.8316260557327788
-1.8313986338619241
-1.8297910278043799
-1.8296839054537097
-1.8257786642930944
-1.8257055224882204
-1.8236748765858128
-1.8235736140395322
-1.822141038318398
-1.8220397702330837
-1.8190630174723312
-1.8189883901131303
-1.817775079459318
-1.8177701267389
-1.801017067325481
-1.8007252780445608
-1.7992837338318342
-1.7988323610218901
-1.7975904964998461
-1.797395840156593
-1.7941486052319082
-1.7935271187630017
-1.7907647858477294
-1.7899808387670724
-1.7894234823994721
-1.7888120211208416
-1.7860714715257286
-1.781836181154397
-1.7802165756817465
-1.7800863012002799
-1.774560532447861
-1.7743462155692835
-1.7723028633978
-1.7710298316226174
-1.7697698658031806
-1.7691739924175396
-1.7669773586042121
-1.7665707506926809
-1.7654753150504607
-1.7642859987836075
-1.7568992827099272
-1.7561669367590758
-1.740820926449881
-1.7402348007216475
-1.7391765071177523
-1.7385040955778193
-1.73475043070054
-1.7341671060646304
-1.7324275969513165
-1.7315230924244818
-1.729881754161564
-1.729240991438289
-1.7246257885595855
-1.7236331341167952
-1.721742396527395
-1.7210293045784015
-1.713194533743651
-1.7130630540975667
-1.7101548480203859
-1.710102009276515
-1.707138811429562
-1.706903110704458
-1.7032669427678255
-1.7031481712275593
-1.700111981942526
-1.7000957649923707
-1.6976088818604582
-1.696798391734297
-1.691184766240551
-1.6904723689070855
-1.6886292124290534
-1.6876842334382334
-1.6841760934171308
-1.683473127057712
-1.6823905478618821
-1.6816980735029292
-1.6806288139196195
-1.6802249534635285
-1.6780808617013765
-1.6776131861256924
-1.6771559350062168
-1.6767879788024798
-1.6641918626694634
-1.6627766427038404
-1.6052987353457848
-1.6050726601625371
-1.6040941770163728
-1.603811155197154
-1.6029984212109671
-1.6027778086937907
-1.6003493097123875
-1.6002206266450214
-1.5964094047299742
-1.596118755139405
-1.5948104355877388
-1.594234111680809
-1.5915130872654304
-1.590773316939137
-1.5893020080589242
-1.5890409298983654
-1.582578038762195
-1.5820586201164322
-1.578404898847955
-1.5780607311467674
-1.5759942319450533
-1.5756614875442074
-1.57230715726911
-1.5718049561947982
-1.561648801365501
-1.5616138779302258
-1.556839918725935
-1.5568208911061443
-1.5540988947395629
-1.5537480644310113
-1.551115878095216
-1.5508206297681937
-1.5455283974626897
-1.5453146568544105
-1.541220904126006
-1.5411271522423275
-1.5382246871280385
-1.5379241598829905
-1.5345926368410432
-1.5343297608771278
-1.532627963150241
-1.5326143707635054
-1.5174293540748458
-1.5169955229640595
-1.514121880134529
-1.513683345839941
-1.5116835428475939
-1.5113881266453506
-1.5072808688254218
-1.5066959624982554
-1.50092426382876
-1.5008912310376386
-1.4991199337430938
-1.4987409616789447
-1.4956826302648778
-1.494683196106119
-1.4932360078695368
-1.4929042254888873
-1.4881659586679055
-1.488031039237715
-1.4854722037096955
-1.4851952895758065
-1.484247962482352
-1.4839478742334165
-1.4827410160444574
-1.4824594697987592
-1.4586577797118743
-1.457184401083724
-1.4345901410997581
-1.432694789526187
-1.4192568987082852
-1.4186812448964694
-1.418304117470831
-1.41770777841841
-1.415074353719679
-1.414687990032542
-1.4137392654474237
-1.4122767278684103
-1.4120610693144902
-1.4110545231721103
-1.4076076622574192
-1.4054202876052164
-1.4043374265389974
-1.4034971656471154
-1.3960891431870168
-1.396026766747437
-1.3939133894780897
-1.3931449225302108
-1.3912861448486662
-1.3910994909047558
-1.3866799621626444
-1.3863653702654224
-1.3836914689690154
-1.3828204676501978
-1.382427288426868
-1.3819607451533895
-1.374951278806359
-1.3732843080488308
-1.3720269931275972
-1.3708013353061586
-1.365899968340577
-1.365227055642045
-1.3642299709115238
-1.362450234423934
-1.361967291761529
-1.3610645690361833
-1.3578840644675592
-1.3566137606881137
-1.356093062731551
-1.3553959150155104
-1.3345769523603837
-1.332041317606616
-1.3314067145148043
-1.330578215744425
-1.3300619689668551
-1.329246277114723
-1.328126959227529
-1.326864398460585
-1.3254275340023651
-1.3242515000050195
-1.32384996445225
-1.3220754056188442
-1.3197584506027524
-1.3181654270451568
-1.3124105519306675
-1.311388048626612
-1.3091983010486632
-1.3086428612791055
-1.3066252785428791
-1.3064701695190069
-1.304322124784462
-1.3036912876036904
-1.3021549954436757
-1.3017964815815302
-1.3002767976630107
-1.2998986226020839
-1.2987553132882044
-1.297244619986932
-1.2863301650496861
-1.2862380146390775
-1.2852940949596652
-1.2850401839446097
-1.2827898762319108
-1.2824704349214915
-1.2812606386941217
-1.2810000054785324
-1.2796468168366077
-1.2794496321399047
-1.2767319940160469
-1.2764101438624782
-1.2753375562796851
-1.2748783801389882
-1.2721522201278574
-1.2718333637158787
-1.26983355996746
-1.2697259339050093
-1.2685733871107077
-1.2683839269518402
-1.2670341363968687
-1.2669008526834007
-1.265977078789828
-1.2657077493456683
-1.2649587399834248
-1.2645903764354463
-1.2629637317622984
-1.2627783205551508
-1.2619656497757177
-1.2612684240967682
-1.2604472151477517
-1.2600811929192184
-1.2600050136220111
-1.259534369576339
-1.259430291720611
-1.2592756950893216
-1.258701005362506
-1.258508166559115
-1.2584315873564471
-1.2582849046364417
-1.2559931036130567
-1.255026530921918
-0.6734927174276523
-0.6732659508631084
-0.6732493064905507
-0.6728063551579535
-0.672570581962004
-0.6723403342330418
-0.6721143439030692
-0.6720549631694389
-0.6717058667172333
-0.6714360743632725
-0.6713602899805042
-0.6701252226743759
-0.6700971418103273
-0.6680269687966695
-0.6676704594441453
-0.6676050403014395
-0.6659770872280918
-0.6646449926377106
-0.6643812159142941
-0.663554899502493
-0.6628040287603503
-0.6619696675764086
-0.6616402410272723
-0.6603083930065605
-0.6555759337638187
-0.6553390648344558
-0.6546406816301449
-0.6543248262410695
-0.6534482461620852
-0.6520136760220447
-0.6518487433871506
-0.6511560193024251
-0.6485876463658853
-0.6475822768343178
-0.6457967073632108
-0.645155478279294
-0.6449656406078886
-0.6441909576355922
-0.642589707222788
-0.6420679292041713
-0.6415579702554692
-0.6412635800304797
-0.629191396633218
-0.6275585447105264
-0.6270596404659698
-0.6252502771010471
-0.6242443253986646
-0.6232246522073485
-0.6223416230160772
-0.6196400204691943
-0.616434760146326
-0.6161417728834891
-0.6151835007897977
-0.6142669893583215
-0.6138729593363209
-0.6039095928520638
-0.6035850001173212
-0.6030298687256987
-0.5996348814298926
-0.5993088681635355
-0.5970113762883539
-0.5966370444889623
-0.5955919949177111
-0.5951609764848769
-0.5935642517877788
-0.5931363633453935
-0.5852697657343335
-0.580869600044958
-0.5759194984888154
-0.5687635700053453
-0.5603963040504848
-0.5598946156253669
-0.5587308358505801
-0.5583895541103867
-0.554500960669662
-0.5540938894065648
-0.5517976784856853
-0.5512173200345216
-0.5491920620528137
-0.5490095791071754
-0.5441812197509096
-0.543090589774177
-0.5410672108478615
-0.5405664348630901
-0.5307296121714917
-0.5303337429512909
-0.528023081422179
-0.5279770488614818
-0.524634600255656
-0.524186799584594
-0.5198513927971676
-0.51945249938843
-0.5164572491263653
-0.5162821116755368
-0.5133599379214474
-0.5113368291397024
-0.5049407768978427
-0.5042658148924144
-0.5016901760728042
-0.5012248040001164
-0.4960120078803102
-0.4954851837192625
-0.49326820036006946
-0.49295336948766455
-0.49081595221397045
-0.49066931613545967
-0.48731699069931356
-0.48697384994185366
-0.48595854796477206
-0.48571708548853004
-0.4649782709225173
-0.4623663565272848
-0.4352824097906024
-0.4345177672103287
-0.4334806168590912
-0.4323953495391896
-0.43164403749785774
-0.43078437456460567
-0.42788845382076324
-0.4278645311138499
-0.42415414250665706
-0.42282067240991456
-0.42260742508524846
-0.42095679820133347
-0.41273344095437453
-0.4097681844840403
-0.4095982691068646
-0.4078851047172915
-0.4026254055927191
-0.39960007534284264
-0.397666121825097
-0.3956320500087458
-0.39411872147183263
-0.3918969850380526
-0.3905403027444377
-0.3875765704639537
-0.3804753601642097
-0.3773720294431535
-0.368777264930841
-0.3682077457859662
-0.3662817829299597
-0.366131273581114
-0.36353176665971465
-0.3616747878207043
-0.35793999874501053
-0.3573030995583723
-0.35408323014414367
-0.35268691958420334
-0.3499585695249429
-0.3483210139851716
-0.3455661713315337
-0.34506028539687894
-0.34405689314300275
-0.3424662238873567
-0.32997886989552044
-0.32803323517987576
-0.3266644515874016
-0.3243045584314141
-0.3222273551221379
-0.3205333184799799
-0.3197744766502152
-0.31751414766984504
-0.3159012963141524
-0.31244709026898226
-0.311952935867816
-0.31078240195640594
-0.30522218549614166
-0.3007252278779111
-0.3005264039096525
-0.2998244223727614
-0.2987353788813179
-0.298649681466486
-0.2979031357031108
-0.29710055330062407
-0.296393096693215
-0.2950983558951917
-0.29496823036310943
-0.29421742294558506
-0.2885712317016398
-0.25575830680564904
-0.1674443369512142
-0.16315225090543928
-0.15630996579025422
-0.1559104658703978
-0.1557359144166237
-0.1550955619556666
-0.1538284597283713
-0.15347604965371764
-0.15339907572977488
-0.14877317475949758
-0.14789022289572357
-0.14743542062368786
-0.14551414444537575
-0.14177176701866756
-0.13784937695707297
-0.1367284768185999
-0.13533622570152373
-0.13465937303047526
-0.13357198290757527
-0.1317944849521746
-0.13066212223802978
-0.13020329366144856
-0.1273214906330676
-0.12727528929842055
-0.12512093353240178
-0.12367341001860967
-0.1233222459423659
-0.12241720288143502
-0.1209609739349318
-0.11709260755765087
-0.11438666641608544
-0.11401785561595632
-0.11067830992155361
-0.10973681155339236
-0.10943207284144126
-0.10045066289229039
-0.09950515423012551
-0.09933469400059544
-0.09709570623190383
-0.09527647598130934
-0.09516882228843017
-0.09447098562233734
-0.07639800015517827
-0.075718951123238
-0.0753786250172261
-0.07505049789727354
-0.0747930468445979
-0.07371319079374809
-0.06975624569327903
-0.06941531636500911
-0.06938546188730228
-0.06846062378599192
-0.06767493243372275
-0.06765228300971039
-0.06730669232621193
-2.241644081144963e-16
-2.7930361065276166e-17
0.06730669232621128
0.06765228300971125
0.06767493243372288
0.06846062378599128
0.06938546188730359
0.0694153163650096
0.06975624569327876
0.07371319079374794
0.0747930468445974
0.07505049789727408
0.07537862501722677
0.07571895112323748
0.07639800015517795
0.0944709856223367
0.09516882228843075
0.09527647598130953
0.09709570623190289
0.099334694000596
0.09950515423012586
0.10045066289228981
0.10943207284144131
0.1097368115533928
0.11067830992155352
0.11401785561595645
0.11438666641608551
0.11709260755765083
0.12096097393493098
0.12241720288143487
0.12332224594236588
0.12367341001861018
0.1251209335324017
0.12727528929842033
0.1273214906330672
0.1302032936614482
0.13066212223802953
0.13179448495217466
0.13357198290757472
0.13465937303047534
0.1353362257015231
0.1367284768185999
0.13784937695707308
0.14177176701866667
0.14551414444537497
0.1474354206236881
0.14789022289572445
0.14877317475949658
0.15339907572977532
0.15347604965371817
0.15382845972837073
0.15509556195566632
0.15573591441662404
0.15591046587039825
0.1563099657902539
0.16315225090543972
0.16744433695121552
0.25575830680564904
0.2885712317016398
0.2942174229455844
0.29496823036310943
0.2950983558951911
0.29639309669321484
0.29710055330062374
0.2979031357031104
0.2986496814664865
0.29873537888131846
0.29982442237276075
0.3005264039096528
0.3007252278779108
0.3052221854961412
0.31078240195640594
0.31195293586781636
0.3124470902689818
0.31590129631415237
0.31751414766984526
0.31977447665021547
0.3205333184799801
0.32222735512213785
0.324304558431414
0.32666445158740154
0.3280332351798755
0.3299788698955195
0.3424662238873564
0.3440568931430028
0.3450602853968787
0.34556617133153356
0.34832101398517135
0.34995856952494286
0.352686919584203
0.35408323014414345
0.3573030995583725
0.3579399987450105
0.36167478782070395
0.36353176665971476
0.3661312735811156
0.36628178292995933
0.36820774578596605
0.36877726493084073
0.37737202944315307
0.3804753601642097
0.3875765704639531
0.3905403027444374
0.39189698503805226
0.39411872147183225
0.39563205000874524
0.39766612182509686
0.3996000753428425
0.40262540559271764
0.4078851047172918
0.40959826910686603
0.40976818448403995
0.4127334409543737
0.42095679820133325
0.422607425085249
0.42282067240991433
0.42415414250665645
0.42786453111385053
0.4278884538207634
0.43078437456460567
0.43164403749785746
0.4323953495391892
0.4334806168590908
0.43451776721032875
0.4352824097906022
0.46236635652728353
0.4649782709225163
0.4857170854885298
0.48595854796477195
0.4869738499418536
0.4873169906993132
0.4906693161354603
0.4908159522139717
0.492953369487665
0.4932682003600699
0.49548518371926253
0.49601200788031014
0.5012248040001164
0.5016901760728043
0.5042658148924145
0.5049407768978427
0.5113368291397022
0.5133599379214471
0.5162821116755378
0.5164572491263663
0.5194524993884302
0.5198513927971677
0.5241867995845938
0.5246346002556558
0.5279770488614822
0.5280230814221794
0.5303337429512911
0.530729612171492
0.5405664348630899
0.5410672108478612
0.5430905897741771
0.5441812197509099
0.5490095791071753
0.5491920620528137
0.5512173200345216
0.5517976784856853
0.5540938894065649
0.554500960669662
0.5583895541103867
0.5587308358505801
0.5598946156253669
0.5603963040504845
0.5687635700053448
0.575919498488815
0.5808696000449589
0.5852697657343335
0.5931363633453928
0.593564251787778
0.5951609764848769
0.5955919949177109
0.5966370444889622
0.5970113762883537
0.5993088681635355
0.5996348814298929
0.6030298687256991
0.6035850001173217
0.6039095928520642
0.6138729593363208
0.6142669893583215
0.6151835007897974
0.6161417728834899
0.616434760146326
0.6196400204691934
0.6223416230160773
0.6232246522073484
0.6242443253986645
0.6252502771010472
0.6270596404659697
0.6275585447105265
0.629191396633218
0.6412635800304793
0.6415579702554695
0.6420679292041714
0.6425897072227877
0.6441909576355924
0.6449656406078891
0.6451554782792942
0.6457967073632105
0.6475822768343177
0.6485876463658848
0.6511560193024251
0.6518487433871518
0.652013676022045
0.653448246162085
0.6543248262410698
0.6546406816301455
0.6553390648344561
0.6555759337638188
0.66030839300656
0.6616402410272726
0.6619696675764087
0.66280402876035
0.6635548995024929
0.6643812159142942
0.6646449926377107
0.6659770872280913
0.6676050403014397
0.6676704594441457
0.6680269687966691
0.6700971418103271
0.6701252226743761
0.6713602899805043
0.6714360743632726
0.6717058667172332
0.67205496316944
0.67211434390307
0.672340334233042
0.6725705819620044
0.6728063551579535
0.6732493064905507
0.6732659508631084
0.6734927174276515
1.2550265309219182
1.2559931036130572
1.2582849046364415
1.2584315873564464
1.2585081665591153
1.258701005362506
1.2592756950893214
1.2594302917206106
1.259534369576339
1.2600050136220113
1.2600811929192188
1.260447215147752
1.2612684240967684
1.261965649775718
1.262778320555151
1.2629637317622981
1.2645903764354465
1.264958739983425
1.265707749345669
1.265977078789828
1.2669008526834005
1.2670341363968685
1.26838392695184
1.2685733871107077
1.2697259339050095
1.2698335599674602
1.2718333637158783
1.2721522201278574
1.2748783801389882
1.275337556279685
1.2764101438624782
1.2767319940160466
1.2794496321399047
1.2796468168366075
1.2810000054785322
1.2812606386941214
1.2824704349214917
1.282789876231911
1.2850401839446095
1.285294094959665
1.2862380146390777
1.2863301650496861
1.2972446199869316
1.2987553132882041
1.2998986226020837
1.3002767976630112
1.30179648158153
1.3021549954436757
1.3036912876036897
1.3043221247844616
1.3064701695190064
1.3066252785428796
1.308642861279105
1.3091983010486634
1.3113880486266123
1.312410551930667
1.3181654270451564
1.3197584506027529
1.3220754056188446
1.3238499644522497
1.3242515000050197
1.3254275340023645
1.3268643984605848
1.3281269592275293
1.3292462771147229
1.3300619689668547
1.3305782157444253
1.331406714514804
1.3320413176066157
1.3345769523603828
1.3553959150155102
1.356093062731551
1.3566137606881137
1.357884064467559
1.3610645690361836
1.3619672917615295
1.362450234423934
1.3642299709115235
1.3652270556420445
1.3658999683405773
1.3708013353061583
1.372026993127597
1.3732843080488308
1.3749512788063587
1.3819607451533895
1.3824272884268685
1.382820467650198
1.3836914689690154
1.3863653702654226
1.3866799621626447
1.391099490904756
1.3912861448486666
1.3931449225302106
1.3939133894780895
1.3960267667474373
1.3960891431870173
1.4034971656471154
1.4043374265389972
1.4054202876052162
1.407607662257419
1.41105452317211
1.4120610693144904
1.4122767278684112
1.4137392654474235
1.4146879900325404
1.4150743537196788
1.4177077784184096
1.418304117470831
1.4186812448964692
1.4192568987082848
1.4326947895261883
1.4345901410997592
1.4571844010837234
1.458657779711874
1.4824594697987592
1.4827410160444574
1.4839478742334165
1.484247962482352
1.4851952895758065
1.4854722037096955
1.4880310392377154
1.4881659586679057
1.4929042254888873
1.4932360078695368
1.4946831961061189
1.4956826302648778
1.4987409616789449
1.499119933743094
1.5008912310376388
1.5009242638287603
1.5066959624982554
1.5072808688254218
1.5113881266453508
1.511683542847594
1.513683345839941
1.514121880134529
1.5169955229640593
1.5174293540748456
1.5326143707635058
1.5326279631502415
1.5343297608771276
1.534592636841043
1.5379241598829907
1.5382246871280385
1.541127152242328
1.5412209041260063
1.5453146568544107
1.5455283974626897
1.550820629768194
1.5511158780952161
1.5537480644310113
1.5540988947395629
1.5568208911061445
1.5568399187259356
1.5616138779302258
1.561648801365501
1.5718049561947984
1.5723071572691103
1.5756614875442072
1.575994231945053
1.5780607311467674
1.5784048988479549
1.5820586201164322
1.582578038762195
1.5890409298983654
1.5893020080589244
1.5907733169391371
1.5915130872654304
1.5942341116808088
1.5948104355877388
1.5961187551394045
1.596409404729974
1.6002206266450216
1.6003493097123875
1.6027778086937907
1.6029984212109671
1.6038111551971537
1.6040941770163728
1.6050726601625371
1.6052987353457846
1.6627766427038406
1.6641918626694634
1.6767879788024798
1.6771559350062168
1.6776131861256924
1.6780808617013767
1.6802249534635283
1.6806288139196193
1.681698073502929
1.6823905478618824
1.6834731270577117
1.6841760934171304
1.6876842334382332
1.6886292124290534
1.6904723689070853
1.691184766240551
1.6967983917342973
1.6976088818604584
1.700095764992371
1.7001119819425254
1.7031481712275593
1.7032669427678258
1.706903110704458
1.707138811429562
1.7101020092765151
1.710154848020386
1.7130630540975669
1.7131945337436512
1.7210293045784015
1.7217423965273952
1.7236331341167952
1.7246257885595857
1.7292409914382887
1.729881754161564
1.7315230924244818
1.7324275969513165
1.73416710606463
1.73475043070054
1.7385040955778193
1.739176507117752
1.7402348007216473
1.7408209264498808
1.756166936759076
1.7568992827099275
1.764285998783607
1.7654753150504607
1.7665707506926804
1.766977358604212
1.7691739924175394
1.7697698658031802
1.7710298316226174
1.7723028633977993
1.774346215569283
1.7745605324478613
1.7800863012002792
1.7802165756817463
1.7818361811543966
1.7860714715257284
1.7888120211208414
1.7894234823994715
1.7899808387670721
1.790764785847729
1.793527118763002
1.7941486052319082
1.797395840156593
1.7975904964998461
1.7988323610218901
1.7992837338318342
1.8007252780445606
1.801017067325481
1.8177701267389
1.817775079459318
1.8189883901131303
1.819063017472331
1.8220397702330835
1.8221410383183976
1.8235736140395318
1.8236748765858124
1.8257055224882204
1.8257786642930944
1.8296839054537088
1.8297910278043792
1.8313986338619241
1.8316260557327788
1.8358927770376632
1.8360253295191284
1.8375542766367836
1.8378291772042152
1.839703229451158
1.839831641003788
1.8422540623154195
1.8423118914040135
1.8434852212371093
1.843680817890224
1.8449703576407093
1.8450094245264854
1.8485564091045321
1.8486997594322692
1.8493625410809742
1.8498496365875376
1.8512125261541825
1.8514200581165112
1.8517903682756387
1.8520243817208695
1.8525403560562195
1.8526259709867237
1.8534430616582973
1.8535516013574151
1.8537207266098537
1.8538357591091519
1.8577903290514564
1.8581730395082443
1.9054312542378875
1.9059204080123782
2.084724140488719
2.0847398321914414
2.0850678893355803
2.0850870742267915
2.0853658016758123
2.0853818151669623
2.0861361630888093
2.086144249831149
2.0874927017529235
2.0875195681859844
2.0880240978287117
2.0880878087899433
2.0892120517364434
2.089281339382098
2.089841979289219
2.0898668674941456
2.092517807511003
2.0925661381959184
2.09431756512103
2.094343285975075
2.0953438970934313
2.0953730390678516
2.097044985468771
2.0970873311785847
2.1031075618626844
2.103123072848087
2.104088299420677
2.1040887447633314
2.1058848416564864
2.1059225725760156
2.1073740617619254
2.1073977686446375
2.110380352436711
2.1104067365373624
2.1131193186265453
2.1131389539379155
2.1147275365928544
2.114760303447622
2.1166207260528163
2.1166262333939314
2.1176632535778315
2.1176665330683524
2.128372126559794
2.1284121492265724
2.1305682566126762
2.1306022369038957
2.132131692510242
2.1321567950520586
2.1351989666938125
2.135245147050282
2.1396870584770205
2.1396979208151565
2.1412377434423657
2.1412793871354294
2.1439580964192175
2.1440255057136235
2.145622124300836
2.145650696479822
2.1497972811947252
2.149805563064886
2.152356500258253
2.1523750583578534
2.1535721534380143
2.153592453822282
2.155112244578279
2.1551312174858093
2.166147759861476
2.166240078119173
2.1826940989445536
2.1827051323012436
2.1835473053600523
2.183585721346943
2.1854903439504554
2.1854953203453604
2.187518403687658
2.1875451800745376
2.1895998013871516
2.1896353986949344
2.193284406889333
2.1932950362384336
2.1954858443482417
2.195528702144999
2.198109187517898
2.198149809338588
2.2037816847270006
2.203783569216295
2.2058789286406006
2.20588547718684
2.2089578478613245
2.2089635226100803
2.2114729951757783
2.211477633773394
2.2135472758098746
2.2135523869313234
2.220496119066581
2.220503207228448
2.222287680846039
2.222373676597285
2.2252437224476895
2.2252472960439866
2.2275089022787
2.2275543301490215
2.2296006719968733
2.229619496527186
2.2323532845317344
2.2323554886314394
2.2334485325930524
2.2334920733495816
2.2352703697954697
2.235272877398893
2.248533821917703
2.248652242883585
2.264154191393354
2.264163721205558
2.2655415169385953
2.265550450460422
2.2666244847652495
2.2666322216109456
2.269009459065866
2.269021693191402
2.2730566227165143
2.2730708790091696
2.2745089560998406
2.2745637833975927
2.2772764359878397
2.277323714327247
2.2785067498611364
2.278530098088837
2.2830288059655692
2.283046815480446
2.286112878688979
2.286116791188717
2.2876359392332923
2.2876438593819852
2.289833010359494
2.2898463635839663
2.3006336282643702
2.3006425347109376
2.301501057682194
2.301525522015739
2.3036986661755416
2.3037109457173974
2.3050107282249215
2.3050210501525745
2.3079530915812483
2.3079617198282802
2.3113584876572006
2.3113670756000038
2.3127945707305013
2.312799822261143
2.3149027829809365
2.314932384249442
2.3154708066866783
2.315489542663249
2.3224948442876934
2.322522778449579
2.324457388606118
2.3244748098763335
2.3256350183769965
2.325651092205914
2.327706118115143
2.3277405397976167
2.33095441442568
2.3309786041687213
2.3316739999078413
2.331744479534642
2.333156833922228
2.333210840178434
2.3338369651230155
2.3338598220182174
2.3355742716908967
2.335576951198184
2.3365610699069097
2.3365715864393626
2.3369439926754736
2.3369566584628605
2.337395187076175
2.3374053434019126
2.417512615673798
2.4175284356419655
2.4217436948637046
2.4217448106825463
2.4219945589275302
2.4219967754952685
2.422676500392379
2.4226892685538535
2.423281669993381
2.4232912792393972
2.424044474358323
2.4240473760788133
2.4254258642181683
2.4254405376801795
2.426354784734964
2.4263703610013874
2.427852665033841
2.4279423772181694
2.4301468068135463
2.4301601812700064
2.4316532273808344
2.431663175389544
2.4329299071395947
2.432953747200472
2.434613442915753
2.4346298967224294
2.4368853192004827
2.4369096349453176
2.4401494138031814
2.4401870863466075
2.441465962667897
2.441469805964611
2.443387246309908
2.4434859151286505
2.445311771271628
2.445335253229929
2.446878005212357
2.4468938004305056
2.4488974182055046
2.448948838370111
2.4499596022363472
2.450039557674921
2.4515787964748483
2.4520403092771748
2.461720052658857
2.4618225906921953
2.4628029713699315
2.46295257833517
2.463999397554136
2.4640759393668628
2.465950830162976
2.4660354836014875
2.467432203226911
2.467859600121154
2.469985079918629
2.4703266010400973
2.472066515925823
2.4723253548622206
2.4737420652989357
2.474139112184011
2.4763125339265764
2.476642833678777
2.477891745111211
2.4780584248146384
2.479676540544148
2.4797866346565223
2.4807141658987675
2.480935140336394
2.4816614524906178
2.481682787065031
2.4932673093288025
2.493325978738175
2.4939076200089922
2.4940437932668704
2.4954667040458802
2.495541229124344
2.4966434353925164
2.4967161869701666
2.4981113165964746
2.498122415888327
2.500625420767138
2.500693419906266
2.5018213385622303
2.5020444880800503
2.5036745570947305
2.5037691312971306
2.505869429265985
2.5058859170725754
2.507766363444906
2.507805003464247
2.5096099295507317
2.5096495055088925
2.510627797767704
2.510674037234566
2.5119570168457597
2.5119863055746516
2.5151775514969104
2.515198792272507
2.515864561676641
2.5160785146878832
2.51733272418392
2.5173533690719703
2.5179673195956633
2.5180299899513634
2.5188328410411414
2.5188370290876474
2.519793200624439
2.5198067469829195
2.520083973652259
2.5201525497990116
2.521273752996447
2.521584043868926
2.5244440431886233
2.5245773873514024
2.5578544018507663
2.5578740099385695
2.5581955364919313
2.5582189028163804
2.5584860083174368
2.5585055069247264
2.5592133830269597
2.5592219912375995
2.5604521463715746
2.5604848448277533
2.5609048025605086
2.560985644083856
2.5619109342622974
2.561991969936899
2.5624161496921944
2.562446150070871
2.5644345539200497
2.5644843429228055
2.565744162041181
2.5657678668430868
2.566444888278451
2.5664726244437435
2.5675531835248675
2.567591706941527
2.571741247717623
2.5717494170285597
2.572138566084184
2.5721421721493116
2.5732038869684257
2.5732386587718667
2.5739447738652204
2.5739682341283032
2.575602558080235
2.5756234914586007
2.577165179633155
2.5771844591403004
2.577871510429814
2.5779018796900224
2.57890316795884
2.5789047377850287
2.579306781324597
2.579315477425414
2.5839700464868933
2.5839933967814797
2.5849883366477284
2.5850055401777823
2.5856661926316815
2.585678821330142
2.586956543732946
2.5869822345815017
2.588910136868256
2.5889227024363235
2.589422641940732
2.589454872986058
2.5904959428551355
2.5905329175963834
2.5910622504789185
2.5910752903448873
2.5925496653352904
2.5925527799563612
2.5934278446576498
2.5934349506670205
2.5938062718893535
2.593814379777549
2.5942757215550216
2.5942829093643875
2.6019258689878404
2.6019498594138124
2.606313403606913
2.606315465316583
2.6065345028379183
2.6065368263052546
2.6069675315330585
2.606976539637363
2.6076194903882906
2.6076213762810765
2.608224046640706
2.6082322326930116
2.609125567826515
2.609138248965934
2.609809893277572
2.609811311550825
2.6104069702885937
2.610408774128604
2.6121957920695817
2.612197393159882
2.6128238920195797
2.6128254971472566
2.613542782243027
2.6135464848172307
2.61435482202752
2.6143565816526637
2.614908259471969
2.614908930121447
2.616650127499579
2.616650843188821
2.617163869793109
2.6171669374766817
2.617818173508736
2.6178300396885272
2.618595984150159
2.618601359802521
2.619132824556337
2.619136160799313
2.6197869296536456
2.619795786155157
2.6201448673458354
2.6201500090572587
2.620385189360745
2.620389112832924
2.624169224256493
2.6241961751924254
2.62582764570651
2.6258284316588885
2.6261673175313907
2.6261676410935078
2.626425315189721
2.6264259582477454
2.626934668267432
2.6269383238326367
2.6277719584007064
2.6277824428121437
2.628076630789787
2.6281072365587366
2.6286002453191504
2.6286185871681083
2.628880430902635
2.6288875992368115
2.6296420855818954
2.62965321140136
2.630181300323513
2.6301853629288456
2.630438234794387
2.630444545271347
2.6307895178974476
2.6307971255283986
2.632584345837934
2.632586483012733
2.6327192558858976
2.632720773823624
2.6330133306366275
2.6330178449645367
2.6332245434465666
2.6332279486146533
2.633605595411579
2.6336092924255934
2.6340489432882275
2.6340521359630102
2.6342437118796718
2.634247952835812
2.6344975736081637
2.634500705161281
2.6346112535173187
2.634615882707942
2.635371802503462
2.635378865445074
2.635591849509852
2.635596281600952
2.6357194068837098
2.635723504894964
2.6359343245755573
2.635941996800215
2.636261867713992
2.6362662171341524
2.6363294953687055
2.6363421241409495
2.6364692716214995
2.6364792105983152
2.636533981094129
2.636538269558397
2.636690416035624
2.6366913707339608
2.6367767802772213
2.636779035389326
2.6368098311604276
2.6368125495892882
2.636848709932347
2.6368508884344557
