-2.6358210328275744
-2.6357954985790326
-2.6331130311133784
-2.6330912091791316
-2.6270216491335003
-2.6270064663615864
-2.618505411478789
-2.6184554608585278
-2.609000584454388
-2.6089452284117147
-2.5931594981123505
-2.5931001981774715
-2.5782361265202063
-2.578154380935643
-2.5659823660999326
-2.565876400461682
-2.5232129061925423
-2.5230506874284706
-2.516193568537156
-2.5157750931957303
-2.4987896879587566
-2.498252553372765
-2.4697162636465784
-2.468224765594804
-2.4480390035609627
-2.447227119703757
-2.427229989978594
-2.427009158360493
-2.3496460659137424
-2.348400998160885
-2.318555050128092
-2.3179867144064716
-2.2957048742268724
-2.2949518162937736
-2.2521189935747916
-2.2509306249423204
-2.227086052280887
-2.226808821155322
-2.192379634855483
-2.1923638056155106
-2.143700166425234
-2.143352590261559
-2.112750020901941
-2.1126952852386247
-2.091621238345425
-2.091527173097396
-1.9059200089375363
-1.9054307746560808
-1.8409828818663827
-1.8403815732746722
-1.807155436309653
-1.8044383107644275
-1.7660211774504253
-1.763127026210307
-1.734767930024236
-1.7343148940704958
-1.6955221223874248
-1.6930167388517137
-1.5911246357734756
-1.5901090513235094
-1.5553254371014356
-1.5547326416612706
-1.50278085854181
-1.5025109916819774
-1.458386095486604
-1.4569529675813424
-1.391650682735515
-1.3883623235410234
-1.348747424211654
-1.3480043960215453
-1.3148032671980125
-1.308003755123131
-1.2899598345080383
-1.287540959640303
-1.2664653520507254
-1.2644737897038538
-0.6682686870102548
-0.6637177521093074
-0.650202883694246
-0.6468039290368202
-0.6115338084272275
-0.6027199672606498
-0.5726316079815579
-0.5648603269846344
-0.5166649517902129
-0.5117040674004225
-0.4436270898122099
-0.4357020142471
-0.38567353328428394
-0.38455066647700725
-0.33821758487834774
-0.33474975459652523
-0.29168789179651045
-0.25602990326895236
-0.24072502265077533
-0.17760515296857848
-0.13147654570716405
-0.12253410642867202
-0.07708770349399474
-0.0020988453954911
0.0020988453954911
0.07708770349399519
0.12253410642867157
0.13147654570716494
0.17760515296857982
0.24072502265077755
0.2560299032689519
0.2916878917965091
0.33474975459652523
0.3382175848783482
0.38455066647700853
0.38567353328428466
0.43570201424709776
0.4436270898122099
0.5117040674004225
0.5166649517902133
0.5648603269846335
0.5726316079815574
0.6027199672606498
0.6115338084272275
0.646803929036821
0.6502028836942446
0.663717752109307
0.668268687010253
1.2644737897038523
1.2664653520507243
1.2875409596403016
1.2899598345080365
1.3080037551231292
1.3148032671980108
1.3480043960215469
1.3487474242116553
1.3883623235410227
1.391650682735514
1.456952967581342
1.4583860954866035
1.5025109916819777
1.5027808585418103
1.5547326416612712
1.555325437101436
1.5901090513235099
1.5911246357734758
1.6930167388517137
1.695522122387425
1.7343148940704978
1.734767930024238
1.7631270262103076
1.7660211774504262
1.8044383107644273
1.8071554363096527
1.8403815732746729
1.8409828818663831
1.9054307746560804
1.9059200089375359
2.0915271730973948
2.091621238345424
2.1126952852386265
2.112750020901943
2.1433525902615567
2.143700166425232
2.1923638056155137
2.192379634855486
2.226808821155323
2.227086052280888
2.2509306249423195
2.2521189935747907
2.294951816293773
2.2957048742268724
2.317986714406472
2.3185550501280923
2.3484009981608835
2.3496460659137415
2.427009158360493
2.427229989978594
2.447227119703756
2.448039003560962
2.4682247655948037
2.469716263646578
2.4982525533727644
2.498789687958756
2.51577509319573
2.516193568537155
2.5230506874284697
2.5232129061925423
2.565876400461682
2.5659823660999326
2.5781543809356435
2.578236126520207
2.593100198177471
2.59315949811235
2.608945228411715
2.6090005844543884
2.618455460858528
2.6185054114787896
2.627006466361587
2.627021649133501
2.6330912091791316
2.6331130311133784
2.6357954985790317
2.6358210328275735
