-2.6368235587008435
-2.6368211957585697
-2.636760730397512
-2.6367607302796037
-2.6367251585329963
-2.636724824837822
-2.636641062401701
-2.636641057961554
-2.636560014956945
-2.636556579819599
-2.6364464288378455
-2.636446295010915
-2.6363159389272197
-2.6363105727218494
-2.636190942584336
-2.636190916091075
-2.6360119774551083
-2.6360091675609643
-2.6359200730717895
-2.635920062034351
-2.63559910382329
-2.63559094677589
-2.634845320423167
-2.634845196843404
-2.6347573676126466
-2.6347557130508608
-2.6344675911238196
-2.6344673959680156
-2.634254349976385
-2.63425184871476
-2.6339295683233908
-2.633929345375237
-2.633630599328731
-2.633627481938969
-2.633314324682202
-2.6333141488944904
-2.6329571632992557
-2.6329545319188505
-2.6327003927154116
-2.632700266154515
-2.6323509141903196
-2.6323492253271126
-2.632242754519263
-2.632242752401684
-2.630451145834344
-2.63044151216584
-2.629820913974924
-2.629820813777891
-2.629586407360712
-2.6295819575946973
-2.6290712087182118
-2.629071029444766
-2.62867592155964
-2.6286645594293327
-2.6281749070313407
-2.6281742808888544
-2.6276965710784337
-2.62768605960192
-2.6272779022011754
-2.6272776682324466
-2.626787417772028
-2.6267855462247565
-2.6265494596770713
-2.6265493717205595
-2.626061010371217
-2.6260597791849243
-2.6206939861063585
-2.6206926703120748
-2.6206055643874073
-2.620605041179576
-2.62014914201018
-2.620148794492235
-2.619810910602857
-2.6198092463899507
-2.619159105084735
-2.6191586919869594
-2.6185972653147287
-2.618585748690842
-2.6179009949707095
-2.6178963187076723
-2.6171697317241507
-2.617166434223798
-2.616549441327755
-2.6165471494148442
-2.61572000887718
-2.6157184909228257
-2.615357259110727
-2.615355994634648
-2.6135156329329243
-2.6135108970434127
-2.6117529267240953
-2.6117524847834863
-2.6114154698338865
-2.611413566717111
-2.6104837661708955
-2.610482875900271
-2.6098742409881615
-2.6098703940728107
-2.6090088883218834
-2.609006504821202
-2.608314831566852
-2.6083015139906207
-2.6076154076800164
-2.6076093418117052
-2.6069615987245607
-2.6069615415067013
-2.6065301575773754
-2.606525730809656
-2.6060740682148906
-2.6060735245027
-2.6059396698466157
-2.6059374935173945
-2.593949523630182
-2.5939418002088668
-2.593220772905132
-2.5932205926159906
-2.5928439860349877
-2.5928431895910253
-2.5919965788396513
-2.5919959781752513
-2.5912547986444032
-2.5912447273307455
-2.5902982640501304
-2.5902972580746977
-2.5892972784174573
-2.589279448753841
-2.5883992494463395
-2.5883984629589465
-2.587231480048107
-2.587222326673747
-2.586645451051924
-2.586644915212782
-2.584987681322712
-2.5849600600574765
-2.580444803188027
-2.580443975082903
-2.580120275450583
-2.580115741486876
-2.5789067625223727
-2.5789065296680005
-2.578073534979516
-2.578065540962726
-2.576749456478294
-2.5767493737300837
-2.5756366848976904
-2.5756143420574995
-2.5744193312136483
-2.57441486224413
-2.5731509358104
-2.5731427099902136
-2.572201213085295
-2.572197769166673
-2.5709618805990457
-2.570956002025084
-2.570532406994429
-2.5705301573218597
-2.566477550086419
-2.5664295187884725
-2.564649793697595
-2.564649583057093
-2.564112167764215
-2.564094342494378
-2.5629309919458514
-2.5629302982669953
-2.5621273779954326
-2.562090076572469
-2.5611442363070265
-2.5611398352305166
-2.560317089956204
-2.5602912750222457
-2.5596420261502764
-2.559641900490806
-2.558954828713882
-2.558951903900226
-2.5586465719264253
-2.558646566487376
-2.5581175164607464
-2.5580964990509067
-2.5216262514638204
-2.521332202552022
-2.520590245001655
-2.52056534137777
-2.52021819806475
-2.52018334228916
-2.5198504991939874
-2.5198049203077333
-2.5189447629085353
-2.5188990466664216
-2.5182398464200286
-2.518234732804722
-2.5170982998595486
-2.5169369977485236
-2.5159990351058577
-2.515967764056512
-2.5147811164324687
-2.5147467288712595
-2.5134036495544025
-2.5133898595282336
-2.5125669550874825
-2.5125502312405024
-2.5095632511337005
-2.5095217745291816
-2.5057574238584666
-2.5057018558592277
-2.5051769942376274
-2.5051617412404736
-2.5032329132979383
-2.5031929659593923
-2.502085536592598
-2.5020782831065786
-2.5001119926980127
-2.500008541738125
-2.498626636975734
-2.498537433770567
-2.4967947045368897
-2.4966586754265467
-2.495205966328137
-2.495205724317966
-2.49386008334765
-2.493776923341256
-2.492484698229822
-2.492483371247869
-2.4919466219365694
-2.491901248890059
-2.4805377709853484
-2.4803542948908617
-2.4783629269543246
-2.4783594592032716
-2.4775840120583252
-2.477470139896739
-2.475580104776022
-2.475576613233242
-2.474352287623623
-2.473979870847151
-2.4722315889454176
-2.4718752212047934
-2.470087897485003
-2.469666384362589
-2.4682796801595153
-2.468270012439973
-2.4664326832292867
-2.4662980116925146
-2.465329828508871
-2.465325909456646
-2.4631355285567693
-2.462942031628313
-2.4527206951748037
-2.452344686970508
-2.4517576674684403
-2.4517329810308452
-2.4502543185609316
-2.4501485619191627
-2.449186581701827
-2.449159162633227
-2.44701510621814
-2.446945914055483
-2.445561605288866
-2.4455038074276154
-2.4434161476650265
-2.4433681446910867
-2.4417233397826195
-2.4416906639029095
-2.43992035206879
-2.439912026095617
-2.4381249326350827
-2.4381018827597845
-2.437105786438278
-2.437100660269662
-2.432675990043583
-2.432663466450248
-2.429871072866897
-2.429814001384035
-2.42923402385673
-2.42921629603321
-2.4275769843796438
-2.427548412563715
-2.4267039306145004
-2.4266824808168814
-2.425217530432229
-2.4251992314380697
-2.4243813998380674
-2.424367067959493
-2.4232811212056258
-2.4232778965852533
-2.422617543361323
-2.422608919509282
-2.421974565317147
-2.421973352887009
-2.4215422281788697
-2.421539623727033
-2.421340383656799
-2.4213401591998904
-2.3370843084689956
-2.337073494299028
-2.3363614964161994
-2.336361407433877
-2.3359577959958346
-2.3359564638687758
-2.3350022276262066
-2.3350020284043707
-2.3341050533397123
-2.334087172053594
-2.332871284484134
-2.332866307889177
-2.331494602369197
-2.331464898702211
-2.330190918659903
-2.330189370006641
-2.328402269758231
-2.328387089537285
-2.3274756043183533
-2.327474759446726
-2.3244630249719394
-2.3244299339020555
-2.317607811220689
-2.3176031644540043
-2.3169583497816246
-2.316945118046032
-2.3145635531682784
-2.3145570029836393
-2.312963060976874
-2.3129445088739655
-2.3103571404216496
-2.3103521504172475
-2.308194034743712
-2.308185480420103
-2.305772016399079
-2.3057619891459513
-2.3033006547791977
-2.303282917130442
-2.3013737134876697
-2.3013668277387658
-2.298984096330237
-2.29897304284968
-2.298132623165557
-2.2981298470397418
-2.287658848005817
-2.2876437419610394
-2.2838906269479557
-2.28388840191799
-2.2826076847161554
-2.2825961502984664
-2.279725708409443
-2.2797219578336647
-2.2776432611190183
-2.277620601171364
-2.275001660505282
-2.275000254033726
-2.272628659821919
-2.2726136896276676
-2.270565938188991
-2.270562792918671
-2.268297478597903
-2.268294685642616
-2.267201631644094
-2.267200572207113
-2.2651272611424487
-2.2651165580107375
-2.2358667319357206
-2.235856566847843
-2.2351109098791127
-2.2350899987341535
-2.233565413613556
-2.233558163459178
-2.2324624153974733
-2.2324305631671786
-2.229808142130133
-2.2297966442904134
-2.227876985252142
-2.2278730391656256
-2.225026244968319
-2.2249496869468093
-2.2224510393006884
-2.222408566093572
-2.219842911427904
-2.219817268379462
-2.216859273397789
-2.216835849621506
-2.215269223183486
-2.215257344057279
-2.208749779809674
-2.2087275881047326
-2.202269277915911
-2.202260863822059
-2.2012455400164836
-2.2012161449983925
-2.197811779143065
-2.197804060917305
-2.1958503227912813
-2.195814523285276
-2.1925647823998378
-2.192537062811922
-2.1902461835408946
-2.1902351605718526
-2.1875391411556238
-2.1874840105343587
-2.185291084483642
-2.185268181338552
-2.1834705338821974
-2.183439637615565
-2.1817785163087624
-2.181767409759183
-2.181145367200092
-2.181132629192132
-2.1540411479447137
-2.1540209289208305
-2.1517243005213627
-2.151722715696599
-2.1506196260783534
-2.1506191753764736
-2.14812841144598
-2.1481240860954744
-2.1460989481026105
-2.146077252004919
-2.1434672154299794
-2.143463774153584
-2.1408944437991027
-2.140865885839781
-2.138567771839849
-2.138563031767218
-2.135723944320505
-2.135711110163697
-2.1342711535886942
-2.1342685320115273
-2.130539931686249
-2.1304904765939576
-2.119728516282237
-2.1197260012317463
-2.11915298871598
-2.1191493735887335
-2.1167054121872613
-2.116702852429608
-2.115134596481333
-2.1151343047344318
-2.112497585359527
-2.1124960716806203
-2.11044526839099
-2.1104219570815905
-2.108137449736153
-2.1081234413297403
-2.105896594026505
-2.1058952477361337
-2.104178785567295
-2.1041702357606074
-2.1020692564706946
-2.102067080880706
-2.101302953155179
-2.1012984468933578
-2.095354874628311
-2.095303961439159
-2.092713982167933
-2.0927133500475033
-2.0920007813498303
-2.0919855732025696
-2.090460706294736
-2.0904593494544774
-2.0894592707953783
-2.0894285075404686
-2.088282214900879
-2.0882769163584047
-2.08733291405232
-2.0873111700630282
-2.086583628665316
-2.086583585241912
-2.085848296622334
-2.0858457388256397
-2.08552493763189
-2.085524906390245
-2.0849844065033434
-2.0849673515516653
-1.9059204080124588
-1.9054312542379823
-1.8542340427438877
-1.854166310626114
-1.853930544542802
-1.8539291503336532
-1.8536159763717888
-1.8534693147076104
-1.8527617403836312
-1.8527451090874374
-1.8522858771647153
-1.851982162835959
-1.850955472678715
-1.8503930475520527
-1.8498054322512334
-1.8496097548947599
-1.848155336728336
-1.84806373067802
-1.8468031364873307
-1.846774372719247
-1.8454279090550052
-1.8453848718571955
-1.8419211969280558
-1.841795282053176
-1.8399435954935246
-1.8396489676178485
-1.8359454916619662
-1.8358970317599288
-1.8338217909387795
-1.8337647654476141
-1.831987429345279
-1.8319062370210741
-1.8288863011998653
-1.8287330017634775
-1.826949360881824
-1.8267385525594753
-1.8236278105339085
-1.8234612966208708
-1.8214166551295556
-1.8214156780489439
-1.8186314990987165
-1.8186101549334284
-1.8165159212309845
-1.8165134932155198
-1.8152117513447132
-1.815204650390201
-1.798953528739399
-1.798448984261241
-1.7953145587321482
-1.7952431458048643
-1.794033662745119
-1.7940262667163829
-1.7905909661987218
-1.790412763919602
-1.7885870918424809
-1.7885810432849207
-1.7859427853545302
-1.783377767692879
-1.7796426527826912
-1.7792944569688127
-1.7766982038851993
-1.776438694707141
-1.7737583088653444
-1.7736289880311544
-1.7716190442808673
-1.7715358465156101
-1.7680993796386564
-1.767496497095325
-1.7573191575027995
-1.7565057707673655
-1.7435438344412202
-1.7431661207209477
-1.7414975665635393
-1.7414172460413275
-1.739724144379397
-1.7390085002239657
-1.735615547499967
-1.735356248912066
-1.7334851870787327
-1.7323720210000697
-1.728680936030242
-1.7268493792624846
-1.724900277317728
-1.72469869729014
-1.7208752563043777
-1.7203972400346816
-1.717352264191606
-1.7173291709383256
-1.7146846062066117
-1.714454594686291
-1.705777743662202
-1.705502634207567
-1.7019855897236804
-1.7012457788357542
-1.697769654445214
-1.6975443766859788
-1.6942942756384343
-1.693971307590548
-1.6918774742336544
-1.6915425783611324
-1.6884018456683831
-1.6875886376035039
-1.68595742287174
-1.6847515560764816
-1.6820706502131975
-1.6809600952797605
-1.6798439197861261
-1.679775182906265
-1.6779245413184611
-1.6773753632958894
-1.6764971994610325
-1.6764549244499778
-1.6758015303848601
-1.6755054829183986
-1.6043843247802747
-1.604129431751987
-1.6023008858919563
-1.6022807776157613
-1.6013502294269368
-1.601327121223911
-1.5988388716216515
-1.5987733547873948
-1.59687330505992
-1.5967187097424551
-1.5937906200134997
-1.5934534014102435
-1.5907323767242516
-1.5904536736684458
-1.587419689546629
-1.5873583436158814
-1.5838668729045455
-1.583739873804659
-1.5815233172135286
-1.581478848011656
-1.5758553002475144
-1.5752633397887106
-1.5639805217652272
-1.5638043703475373
-1.5610999561980146
-1.5609257480932315
-1.5572396083469104
-1.5571487499745997
-1.554743146702091
-1.5545190934711288
-1.5496859396919642
-1.5495121452647587
-1.5465590083791807
-1.5463362644671819
-1.54177445396322
-1.5412350155509478
-1.5380611250289171
-1.5379771046804607
-1.5341211128931387
-1.533859076098749
-1.5304199112995447
-1.5303725526871055
-1.5284243222122522
-1.5282905091566374
-1.51389926904699
-1.5133050043348675
-1.5080204359979912
-1.5079956449871785
-1.50649771629324
-1.5064707128969432
-1.5021714778903628
-1.5020885735274885
-1.4996848798077262
-1.499565227541228
-1.495918738976597
-1.4953822322686112
-1.4928024155678246
-1.4926021458970264
-1.4898575077251537
-1.4898197261597264
-1.487293211531461
-1.48725271867006
-1.4858502101453126
-1.4858463631994754
-1.4837525818352089
-1.4834563802448602
-1.4586625988707167
-1.4571899378256232
-1.42072462636628
-1.4202185560964462
-1.4193992009883791
-1.4193958420168595
-1.4186351269943533
-1.41786937188364
-1.415829613100358
-1.415763317455305
-1.414727088638222
-1.4134625035851065
-1.4105603197122234
-1.4078775127822627
-1.4068841132999574
-1.4062811535132012
-1.4032701726342591
-1.4027038942195964
-1.40021515675015
-1.4001324056944133
-1.397417175906338
-1.3971161265757894
-1.3903275967670163
-1.3900340574298062
-1.387375299382905
-1.386267447020798
-1.381161762024771
-1.3807565946883222
-1.3777056283266866
-1.377393376329252
-1.3752493214462262
-1.3745584102769375
-1.3712378331917707
-1.370530217137833
-1.3686712380156503
-1.366854533677437
-1.363266855868991
-1.3613261239137218
-1.3600592075760338
-1.3599981617904695
-1.3572836145325733
-1.35619120672196
-1.354930881892888
-1.3548450861030727
-1.3536282718876367
-1.3528625653867734
-1.3303985474433455
-1.3295945484959577
-1.327915327701574
-1.3272861548456683
-1.3264654967797544
-1.326234461696417
-1.3238745819259925
-1.323395081908141
-1.32252024745578
-1.3221097877128942
-1.3201810117250332
-1.315069435924995
-1.3120301684182345
-1.311231810182566
-1.3093071621787038
-1.309067189169778
-1.3072909926375853
-1.307115430044971
-1.3052323751284345
-1.3051552742061938
-1.302211176688903
-1.301455308953481
-1.2997937413057543
-1.2980800570675617
-1.2884492643857721
-1.2884125996702
-1.2871581459222876
-1.287116660982775
-1.2856210430835366
-1.2854764100141303
-1.2831544115681788
-1.2830144593075612
-1.2817431983179053
-1.2812438339094134
-1.2790563781169628
-1.2782965990998274
-1.2772003766252984
-1.276964557844871
-1.274906238060413
-1.274674124480425
-1.2732671160730553
-1.2732051806587676
-1.271883322315633
-1.271756593350318
-1.2679579358456035
-1.2679285122577
-1.2670710149830693
-1.2665499260299982
-1.2650137508740555
-1.2648950424028846
-1.2638919591434508
-1.2637137060424197
-1.2631213926479565
-1.262941031973235
-1.2622135410423474
-1.2620110675991822
-1.2613092654089917
-1.2605417493685922
-1.2595578928676203
-1.2591587134082087
-1.2590404812282452
-1.2590218010822827
-1.258660631544311
-1.258424129172163
-1.258363553867019
-1.2583497627678069
-1.2581870434970444
-1.2576204582523252
-0.6732931250051007
-0.6729013095709817
-0.6727737895175665
-0.6727690631776908
-0.6725801745387178
-0.6724611834932189
-0.6722464373979239
-0.6722359859099105
-0.6717729462233846
-0.671687328756362
-0.6702442405427109
-0.6699082027672559
-0.6680178676088335
-0.6674399665425192
-0.6671788042191786
-0.6671651101945831
-0.6663159106309758
-0.6658931938873168
-0.665604299359639
-0.6655842060569453
-0.6638914088576313
-0.6617416819820013
-0.6568961800631231
-0.6564844932578746
-0.6561006352238795
-0.6559665071915397
-0.6543246694197985
-0.6541229281396815
-0.6530296238527254
-0.6527455977755584
-0.6507989952453003
-0.6506572590620426
-0.6489726640727047
-0.6481511934247793
-0.6461459336164334
-0.6456507438534751
-0.6441343406590976
-0.6439610867977034
-0.6421270105439272
-0.641708796757015
-0.6400616526834952
-0.6399770655186382
-0.639136646690817
-0.6388221600709019
-0.6271356757520664
-0.624081111269648
-0.6211950082082836
-0.621171690465846
-0.6205396422902639
-0.6198381932523966
-0.6174031299386704
-0.6173779846252474
-0.6165925407366455
-0.6152428302658011
-0.6132710446038977
-0.609038485756257
-0.603162430758647
-0.6021469898474135
-0.6009205891629192
-0.6008151934498865
-0.5988248783128917
-0.5986193956185173
-0.5973123658901204
-0.5972700379980779
-0.59480243331891
-0.5944654095939342
-0.5760543921322836
-0.5689972068851032
-0.5627285429236487
-0.5624929328421119
-0.5609791432249682
-0.5607312316624047
-0.5591369174095301
-0.558727869923585
-0.5552972339730046
-0.5548543179613086
-0.5526683654131298
-0.5521314756457973
-0.5481323635389755
-0.5468108318386745
-0.5443603340673191
-0.5440576841523094
-0.539842412038722
-0.5396727418743691
-0.5359925671291957
-0.5358854717748845
-0.532976253909069
-0.5329162718877641
-0.5236565324533454
-0.5227997170135257
-0.5181042946025372
-0.516299669775838
-0.5131708806534963
-0.5131453493873438
-0.5089582701629531
-0.5084011933207094
-0.5056973576801679
-0.5056815438977742
-0.5010545454654818
-0.5001290120377527
-0.4977222431974837
-0.497133286811197
-0.4931316713629654
-0.4924610154285912
-0.49011411252335013
-0.49005491124835077
-0.4870499865341169
-0.48677456707555666
-0.48483430846715286
-0.48482788017911116
-0.4837338581605325
-0.48361442003112626
-0.433860065100963
-0.4329961892231134
-0.4307851978369867
-0.4306311703737197
-0.4294354807539784
-0.4293625738571984
-0.4266131429827138
-0.42637483875140664
-0.4246673117269402
-0.42363964238844537
-0.42133927531416554
-0.4167377159017298
-0.40995452836500706
-0.40872776374596276
-0.406714013109896
-0.4064946249705868
-0.4033539417845421
-0.40264207989548995
-0.4007458488605635
-0.40059030379473903
-0.39580533639696247
-0.3910046585312563
-0.3814366014781268
-0.3792161481396399
-0.3733710302315831
-0.37262519963499224
-0.3697491553047132
-0.36971920496108845
-0.3676932281884212
-0.36651545830350496
-0.3621009708121523
-0.3619384186302176
-0.35952984927765486
-0.3583579688887506
-0.35351149208225224
-0.35152649765705657
-0.3495963088830099
-0.3493064376237404
-0.34568368431286045
-0.34463560210758853
-0.3421325836461982
-0.3419639541054198
-0.3401873990937832
-0.3395944946594525
-0.3268574388416945
-0.32140933918365255
-0.31941609150188643
-0.3175236542219957
-0.31703942911800087
-0.31682401195909143
-0.3143135489573825
-0.3134555923615643
-0.3129604691606407
-0.31281104506276963
-0.31081653919824903
-0.3050791056290616
-0.29977751869542435
-0.29951822511538173
-0.2983098734080209
-0.29815082160016654
-0.29756091689936665
-0.2972403712834945
-0.2965586089462964
-0.2965086266628117
-0.29609523569821494
-0.2948577528641512
-0.2885732952577791
-0.25575833375335844
-0.16085603618057354
-0.15633064826819934
-0.15581743342124646
-0.15579212805619308
-0.1557182666895916
-0.15518017031132103
-0.1545246977429544
-0.15449354340930493
-0.1543690858270692
-0.15354006755480368
-0.14724429042064013
-0.1431413913783004
-0.13942521998538712
-0.139311519346339
-0.13817570096993254
-0.13750948037523103
-0.1361901672843033
-0.13603512156479655
-0.13371525435503934
-0.13235053086721743
-0.13091455866769508
-0.13021510871748224
-0.12789487497644494
-0.1269736105282166
-0.12547679518141736
-0.12370089062441154
-0.12130239430993972
-0.12108459565103226
-0.11978665823969648
-0.11885838079516314
-0.1175194733953721
-0.11736284583687585
-0.11474078292611212
-0.11149808368304326
-0.09971775475597683
-0.09794428110650615
-0.09775795280823975
-0.09770354447270102
-0.09674132373804914
-0.09590238596589788
-0.09578836398158262
-0.09574206258335574
-0.09465021895853486
-0.08512388298401108
-0.0761957045539381
-0.07526186932988567
-0.06944155176802999
-0.06876559170778412
-0.06872727467098741
-0.06871644937829349
-0.06848433561548817
-0.06829992990743261
-0.06827177402465129
-0.06826178285447605
-0.06759218503326862
1.5656351575443234e-16
5.148942186464228e-16
0.06759218503326804
0.06826178285447679
0.06827177402465194
0.06829992990743285
0.06848433561548814
0.06871644937829413
0.06872727467098805
0.06876559170778382
0.06944155176802928
0.07526186932988504
0.07619570455393836
0.08512388298401152
0.09465021895853445
0.0957420625833559
0.09578836398158252
0.09590238596589831
0.09674132373804929
0.0977035444727009
0.09775795280823946
0.0979442811065062
0.09971775475597658
0.11149808368304104
0.11474078292611223
0.11736284583687587
0.11751947339537203
0.1188583807951634
0.119786658239697
0.12108459565103309
0.12130239430994032
0.123700890624411
0.125476795181418
0.12697361052821646
0.12789487497644514
0.1302151087174828
0.13091455866769552
0.1323505308672182
0.13371525435503961
0.1360351215647972
0.13619016728430405
0.1375094803752312
0.13817570096993256
0.13931151934633865
0.139425219985387
0.14314139137830084
0.14724429042063925
0.15354006755480365
0.15436908582706993
0.15449354340930532
0.15452469774295496
0.15518017031132153
0.1557182666895923
0.15579212805619355
0.155817433421247
0.1563306482681991
0.16085603618057442
0.25575833375335755
0.28857329525777864
0.29485775286415133
0.2960952356982149
0.29650862666281186
0.2965586089462966
0.29724037128349445
0.2975609168993669
0.29815082160016654
0.29830987340802073
0.29951822511538123
0.29977751869542413
0.3050791056290625
0.3108165391982483
0.31281104506276947
0.31296046916064063
0.31345559236156406
0.31431354895738217
0.3168240119590915
0.31703942911800087
0.31752365422199574
0.3194160915018863
0.3214093391836522
0.32685743884169405
0.3395944946594532
0.3401873990937828
0.3419639541054194
0.342132583646198
0.34463560210758865
0.3456836843128602
0.34930643762374
0.3495963088830094
0.35152649765705707
0.353511492082252
0.3583579688887503
0.3595298492776548
0.3619384186302182
0.362100970812153
0.36651545830350474
0.36769322818842093
0.36971920496108873
0.3697491553047151
0.3726251996349921
0.3733710302315834
0.3792161481396399
0.38143660147812664
0.3910046585312572
0.395805336396962
0.400590303794739
0.40074584886056347
0.40264207989548967
0.40335394178454204
0.40649462497058686
0.406714013109896
0.40872776374596254
0.409954528365007
0.41673771590173025
0.4213392753141654
0.4236396423884447
0.4246673117269399
0.42637483875140614
0.42661314298271275
0.42936257385719884
0.4294354807539788
0.4306311703737195
0.43078519783698627
0.4329961892231137
0.433860065100963
0.483614420031126
0.4837338581605325
0.48482788017911166
0.48483430846715303
0.48677456707555616
0.4870499865341167
0.49005491124835077
0.49011411252334997
0.49246101542859116
0.4931316713629654
0.497133286811197
0.497722243197484
0.5001290120377528
0.5010545454654819
0.5056815438977746
0.5056973576801684
0.5084011933207093
0.5089582701629527
0.513145349387344
0.5131708806534966
0.5162996697758375
0.5181042946025366
0.5227997170135256
0.5236565324533452
0.5329162718877645
0.5329762539090692
0.5358854717748843
0.5359925671291954
0.5396727418743692
0.539842412038722
0.5440576841523092
0.5443603340673189
0.546810831838675
0.5481323635389757
0.552131475645797
0.5526683654131298
0.5548543179613084
0.5552972339730043
0.5587278699235849
0.5591369174095299
0.5607312316624046
0.5609791432249681
0.5624929328421115
0.5627285429236485
0.5689972068851024
0.5760543921322832
0.5944654095939343
0.5948024333189104
0.5972700379980781
0.5973123658901209
0.5986193956185175
0.5988248783128918
0.6008151934498862
0.6009205891629195
0.6021469898474132
0.6031624307586465
0.6090384857562579
0.6132710446038977
0.615242830265801
0.6165925407366456
0.6173779846252476
0.6174031299386706
0.6198381932523965
0.6205396422902643
0.6211716904658462
0.6211950082082841
0.6240811112696472
0.6271356757520659
0.6388221600709019
0.6391366466908165
0.6399770655186378
0.6400616526834947
0.6417087967570149
0.6421270105439267
0.643961086797703
0.6441343406590974
0.6456507438534751
0.6461459336164331
0.6481511934247789
0.6489726640727043
0.6506572590620432
0.6507989952453005
0.6527455977755583
0.6530296238527252
0.6541229281396818
0.6543246694197987
0.6559665071915394
0.6561006352238795
0.6564844932578746
0.6568961800631228
0.6617416819820015
0.6638914088576308
0.6655842060569447
0.6656042993596384
0.6658931938873168
0.6663159106309752
0.6671651101945828
0.6671788042191784
0.6674399665425194
0.668017867608833
0.6699082027672557
0.6702442405427115
0.6716873287563616
0.6717729462233843
0.6722359859099105
0.6722464373979242
0.6724611834932186
0.6725801745387174
0.672769063177691
0.6727737895175668
0.6729013095709812
0.6732931250051003
1.2576204582523252
1.2581870434970446
1.258349762767807
1.2583635538670188
1.2584241291721632
1.258660631544311
1.2590218010822831
1.2590404812282456
1.259158713408209
1.2595578928676203
1.2605417493685924
1.2613092654089917
1.2620110675991827
1.2622135410423478
1.2629410319732355
1.2631213926479572
1.2637137060424202
1.2638919591434512
1.264895042402885
1.2650137508740562
1.2665499260299982
1.2670710149830693
1.2679285122577002
1.2679579358456035
1.2717565933503179
1.2718833223156327
1.2732051806587679
1.2732671160730555
1.2746741244804252
1.274906238060413
1.2769645578448712
1.2772003766252988
1.2782965990998274
1.2790563781169626
1.2812438339094134
1.2817431983179053
1.2830144593075614
1.2831544115681792
1.2854764100141303
1.2856210430835366
1.2871166609827758
1.2871581459222883
1.2884125996702
1.2884492643857723
1.298080057067562
1.299793741305754
1.3014553089534808
1.3022111766889033
1.3051552742061932
1.3052323751284336
1.3071154300449712
1.3072909926375855
1.3090671891697776
1.3093071621787034
1.311231810182566
1.312030168418234
1.3150694359249948
1.320181011725033
1.3221097877128942
1.3225202474557798
1.3233950819081413
1.3238745819259923
1.3262344616964172
1.3264654967797544
1.3272861548456683
1.327915327701574
1.329594548495958
1.3303985474433455
1.3528625653867736
1.3536282718876367
1.354845086103073
1.3549308818928882
1.3561912067219604
1.357283614532573
1.3599981617904688
1.360059207576033
1.3613261239137218
1.3632668558689909
1.3668545336774371
1.3686712380156503
1.3705302171378333
1.371237833191771
1.3745584102769373
1.3752493214462262
1.377393376329252
1.3777056283266869
1.3807565946883225
1.3811617620247714
1.3862674470207978
1.3873752993829047
1.390034057429806
1.3903275967670163
1.39711612657579
1.3974171759063385
1.400132405694414
1.4002151567501506
1.4027038942195966
1.4032701726342591
1.4062811535132014
1.4068841132999577
1.4078775127822634
1.4105603197122238
1.4134625035851063
1.4147270886382222
1.4157633174553055
1.415829613100359
1.41786937188364
1.4186351269943538
1.4193958420168604
1.4193992009883796
1.4202185560964462
1.4207246263662807
1.4571899378256232
1.4586625988707163
1.4834563802448602
1.4837525818352093
1.4858463631994756
1.4858502101453128
1.4872527186700597
1.487293211531461
1.4898197261597261
1.4898575077251537
1.4926021458970262
1.4928024155678243
1.495382232268611
1.495918738976597
1.499565227541228
1.4996848798077265
1.502088573527489
1.5021714778903632
1.5064707128969435
1.5064977162932405
1.507995644987179
1.5080204359979912
1.513305004334868
1.5138992690469903
1.528290509156638
1.5284243222122524
1.5303725526871057
1.530419911299545
1.5338590760987494
1.534121112893139
1.5379771046804611
1.5380611250289176
1.5412350155509484
1.5417744539632208
1.5463362644671823
1.5465590083791811
1.5495121452647593
1.5496859396919649
1.5545190934711288
1.554743146702091
1.5571487499746
1.5572396083469109
1.5609257480932321
1.5610999561980154
1.5638043703475375
1.5639805217652274
1.5752633397887106
1.5758553002475149
1.5814788480116557
1.5815233172135283
1.5837398738046586
1.583866872904545
1.5873583436158814
1.587419689546629
1.5904536736684456
1.5907323767242514
1.5934534014102433
1.5937906200134997
1.5967187097424547
1.5968733050599195
1.5987733547873946
1.5988388716216513
1.6013271212239106
1.6013502294269364
1.602280777615761
1.6023008858919563
1.6041294317519872
1.6043843247802747
1.6755054829183988
1.6758015303848601
1.6764549244499778
1.6764971994610325
1.6773753632958899
1.6779245413184611
1.6797751829062655
1.6798439197861266
1.680960095279761
1.682070650213198
1.6847515560764816
1.6859574228717404
1.6875886376035039
1.6884018456683831
1.6915425783611324
1.6918774742336546
1.6939713075905485
1.6942942756384347
1.6975443766859788
1.6977696544452145
1.701245778835754
1.7019855897236802
1.705502634207567
1.705777743662202
1.7144545946862912
1.714684606206612
1.7173291709383245
1.7173522641916048
1.720397240034682
1.720875256304378
1.7246986972901397
1.724900277317728
1.726849379262485
1.728680936030242
1.7323720210000697
1.733485187078733
1.735356248912066
1.7356155474999668
1.7390085002239655
1.739724144379397
1.7414172460413275
1.7414975665635395
1.7431661207209477
1.7435438344412206
1.7565057707673652
1.7573191575027995
1.767496497095325
1.7680993796386568
1.77153584651561
1.7716190442808673
1.7736289880311544
1.7737583088653444
1.7764386947071407
1.7766982038851988
1.7792944569688123
1.7796426527826907
1.7833777676928784
1.78594278535453
1.7885810432849203
1.7885870918424804
1.7904127639196015
1.7905909661987214
1.7940262667163833
1.7940336627451192
1.7952431458048637
1.7953145587321477
1.798448984261241
1.7989535287393985
1.8152046503902013
1.8152117513447132
1.8165134932155202
1.816515921230985
1.8186101549334288
1.8186314990987167
1.821415678048944
1.821416655129556
1.8234612966208714
1.823627810533909
1.8267385525594757
1.8269493608818244
1.8287330017634775
1.8288863011998655
1.8319062370210741
1.831987429345279
1.8337647654476146
1.8338217909387802
1.8358970317599286
1.835945491661966
1.8396489676178487
1.8399435954935248
1.8417952820531764
1.841921196928056
1.8453848718571957
1.8454279090550056
1.8467743727192474
1.8468031364873314
1.8480637306780203
1.848155336728336
1.8496097548947599
1.8498054322512336
1.8503930475520534
1.8509554726787152
1.8519821628359592
1.852285877164716
1.8527451090874374
1.8527617403836312
1.8534693147076104
1.8536159763717892
1.8539291503336535
1.853930544542802
1.8541663106261141
1.8542340427438881
1.9054312542379828
1.9059204080124585
2.084967351551666
2.084984406503344
2.085524906390246
2.0855249376318903
2.0858457388256397
2.0858482966223337
2.086583585241912
2.086583628665316
2.0873111700630282
2.0873329140523205
2.0882769163584043
2.0882822149008784
2.089428507540469
2.0894592707953787
2.090459349454478
2.0904607062947362
2.0919855732025696
2.0920007813498303
2.0927133500475037
2.0927139821679335
2.0953039614391593
2.0953548746283115
2.1012984468933578
2.101302953155179
2.1020670808807065
2.102069256470695
2.1041702357606074
2.104178785567295
2.1058952477361332
2.1058965940265044
2.1081234413297407
2.108137449736153
2.110421957081591
2.1104452683909902
2.1124960716806207
2.1124975853595274
2.1151343047344318
2.115134596481333
2.1167028524296083
2.1167054121872617
2.1191493735887343
2.1191529887159803
2.1197260012317467
2.1197285162822372
2.1304904765939585
2.1305399316862497
2.1342685320115273
2.1342711535886942
2.1357111101636965
2.1357239443205045
2.1385630317672186
2.1385677718398495
2.140865885839781
2.140894443799103
2.1434637741535845
2.1434672154299803
2.146077252004919
2.1460989481026105
2.1481240860954744
2.14812841144598
2.1506191753764736
2.1506196260783534
2.151722715696598
2.151724300521362
2.154020928920831
2.154041147944714
2.181132629192132
2.181145367200092
2.181767409759183
2.1817785163087624
2.1834396376155647
2.1834705338821974
2.1852681813385524
2.1852910844836426
2.1874840105343587
2.187539141155624
2.190235160571853
2.190246183540895
2.192537062811922
2.1925647823998373
2.195814523285276
2.1958503227912813
2.1978040609173055
2.1978117791430654
2.201216144998393
2.2012455400164836
2.20226086382206
2.2022692779159114
2.208727588104732
2.208749779809674
2.2152573440572785
2.215269223183486
2.216835849621506
2.2168592733977888
2.219817268379462
2.2198429114279037
2.222408566093572
2.2224510393006884
2.2249496869468093
2.225026244968319
2.227873039165625
2.2278769852521414
2.229796644290413
2.229808142130132
2.232430563167178
2.2324624153974724
2.233558163459178
2.233565413613556
2.2350899987341535
2.2351109098791127
2.2358565668478425
2.23586673193572
2.2651165580107375
2.2651272611424487
2.267200572207113
2.267201631644094
2.268294685642616
2.2682974785979026
2.270562792918671
2.270565938188991
2.272613689627668
2.2726286598219194
2.275000254033726
2.275001660505282
2.277620601171364
2.2776432611190183
2.2797219578336647
2.279725708409443
2.2825961502984664
2.282607684716155
2.2838884019179897
2.2838906269479553
2.28764374196104
2.2876588480058175
2.298129847039742
2.2981326231655577
2.2989730428496804
2.2989840963302375
2.301366827738766
2.3013737134876697
2.303282917130442
2.3033006547791977
2.3057619891459518
2.3057720163990796
2.308185480420103
2.308194034743712
2.3103521504172475
2.3103571404216496
2.3129445088739655
2.312963060976874
2.31455700298364
2.314563553168279
2.3169451180460325
2.3169583497816246
2.3176031644540043
2.317607811220689
2.324429933902056
2.3244630249719394
2.3274747594467255
2.327475604318353
2.328387089537285
2.3284022697582305
2.3301893700066407
2.3301909186599024
2.331464898702211
2.331494602369197
2.332866307889176
2.332871284484133
2.3340871720535934
2.3341050533397123
2.3350020284043707
2.3350022276262066
2.335956463868775
2.3359577959958333
2.3363614074338774
2.3363614964162
2.337073494299028
2.3370843084689956
2.4213401591998913
2.4213403836568
2.4215396237270332
2.42154222817887
2.4219733528870098
2.421974565317148
2.422608919509282
2.422617543361323
2.4232778965852537
2.423281121205626
2.4243670679594933
2.4243813998380674
2.42519923143807
2.4252175304322297
2.4266824808168814
2.4267039306145004
2.4275484125637155
2.427576984379644
2.4292162960332107
2.4292340238567305
2.429814001384036
2.4298710728668973
2.432663466450248
2.432675990043583
2.437100660269662
2.437105786438278
2.438101882759785
2.438124932635083
2.4399120260956177
2.439920352068791
2.4416906639029095
2.441723339782619
2.443368144691087
2.4434161476650265
2.4455038074276154
2.445561605288866
2.4469459140554832
2.4470151062181404
2.4491591626332276
2.4491865817018272
2.4501485619191627
2.450254318560931
2.4517329810308452
2.4517576674684403
2.452344686970508
2.4527206951748037
2.4629420316283137
2.46313552855677
2.465325909456646
2.4653298285088714
2.4662980116925146
2.466432683229287
2.4682700124399735
2.468279680159516
2.46966638436259
2.4700878974850036
2.471875221204794
2.4722315889454185
2.4739798708471517
2.4743522876236232
2.4755766132332426
2.475580104776023
2.477470139896739
2.4775840120583252
2.4783594592032716
2.4783629269543246
2.480354294890863
2.4805377709853493
2.4919012488900596
2.49194662193657
2.4924833712478693
2.4924846982298225
2.4937769233412554
2.4938600833476494
2.4952057243179664
2.4952059663281374
2.496658675426547
2.49679470453689
2.498537433770567
2.498626636975734
2.5000085417381253
2.5001119926980127
2.5020782831065786
2.502085536592598
2.5031929659593923
2.5032329132979383
2.5051617412404736
2.5051769942376274
2.5057018558592272
2.505757423858466
2.5095217745291816
2.5095632511337005
2.512550231240503
2.512566955087483
2.513389859528234
2.513403649554403
2.51474672887126
2.514781116432469
2.515967764056512
2.515999035105858
2.5169369977485245
2.5170982998595495
2.5182347328047223
2.518239846420029
2.518899046666421
2.518944762908535
2.5198049203077337
2.519850499193988
2.52018334228916
2.5202181980647493
2.5205653413777704
2.5205902450016557
2.5213322025520224
2.521626251463821
2.558096499050907
2.5581175164607473
2.558646566487376
2.5586465719264253
2.5589519039002258
2.5589548287138815
2.559641900490806
2.5596420261502764
2.5602912750222453
2.5603170899562038
2.5611398352305166
2.5611442363070265
2.562090076572469
2.5621273779954326
2.562930298266994
2.56293099194585
2.5640943424943776
2.5641121677642147
2.564649583057094
2.5646497936975954
2.566429518788473
2.5664775500864194
2.5705301573218597
2.570532406994429
2.570956002025084
2.5709618805990457
2.572197769166673
2.572201213085295
2.5731427099902136
2.5731509358104
2.5744148622441303
2.5744193312136487
2.5756143420574995
2.5756366848976904
2.576749373730083
2.5767494564782933
2.578065540962726
2.578073534979516
2.5789065296680005
2.5789067625223727
2.5801157414868756
2.5801202754505828
2.5804439750829027
2.5804448031880263
2.5849600600574774
2.5849876813227133
2.586644915212782
2.586645451051924
2.587222326673747
2.587231480048107
2.5883984629589465
2.58839924944634
2.5892794487538415
2.5892972784174577
2.5902972580746977
2.5902982640501304
2.591244727330746
2.5912547986444037
2.5919959781752517
2.5919965788396517
2.592843189591025
2.5928439860349872
2.59322059261599
2.5932207729051315
2.5939418002088677
2.5939495236301835
2.605937493517395
2.605939669846616
2.6060735245026994
2.6060740682148906
2.6065257308096563
2.606530157577376
2.606961541506701
2.6069615987245602
2.6076093418117052
2.6076154076800164
2.6083015139906207
2.608314831566852
2.6090065048212026
2.6090088883218843
2.6098703940728107
2.6098742409881615
2.6104828759002716
2.610483766170896
2.611413566717111
2.6114154698338865
2.6117524847834863
2.6117529267240953
2.613510897043412
2.613515632932924
2.615355994634648
2.615357259110727
2.6157184909228257
2.61572000887718
2.6165471494148442
2.616549441327755
2.617166434223798
2.6171697317241507
2.6178963187076723
2.6179009949707095
2.6185857486908417
2.6185972653147283
2.6191586919869603
2.619159105084736
2.6198092463899507
2.619810910602857
2.6201487944922355
2.6201491420101806
2.620605041179576
2.6206055643874073
2.6206926703120748
2.6206939861063585
2.626059779184925
2.6260610103712185
2.62654937172056
2.6265494596770718
2.6267855462247565
2.626787417772028
2.6272776682324466
2.627277902201175
2.6276860596019205
2.6276965710784337
2.628174280888855
2.6281749070313416
2.6286645594293327
2.62867592155964
2.6290710294447663
2.629071208718212
2.6295819575946973
2.629586407360712
2.629820813777891
2.629820913974924
2.630441512165841
2.630451145834345
2.632242752401683
2.632242754519262
2.632349225327112
2.632350914190319
2.6327002661545156
2.632700392715412
2.6329545319188505
2.6329571632992557
2.633314148894491
2.6333143246822024
2.633627481938969
2.633630599328731
2.633929345375237
2.6339295683233908
2.63425184871476
2.634254349976385
2.634467395968016
2.63446759112382
2.6347557130508608
2.6347573676126466
2.634845196843405
2.634845320423168
2.6355909467758902
2.6355991038232904
2.6359200620343515
2.6359200730717895
2.636009167560964
2.636011977455108
2.636190916091075
2.636190942584336
2.6363105727218494
2.6363159389272197
2.636446295010915
2.636446428837846
2.636556579819599
2.636560014956945
2.636641057961554
2.636641062401701
2.636724824837822
2.6367251585329963
2.636760730279604
2.636760730397513
2.636821195758571
2.6368235587008444
