-2.6358210328275744
-2.635795498579033
-2.633113031113379
-2.633091209179132
-2.6270216491335003
-2.6270064663615864
-2.618505411478789
-2.6184554608585278
-2.609000584454388
-2.6089452284117147
-2.593159498112351
-2.593100198177472
-2.5782361265202067
-2.578154380935643
-2.565982366099933
-2.5658764004616823
-2.523212906192543
-2.5230506874284715
-2.516193568537156
-2.515775093195731
-2.4987896879587566
-2.498252553372765
-2.4697162636465784
-2.468224765594804
-2.4480390035609627
-2.447227119703757
-2.427229989978594
-2.427009158360493
-2.3496460659137424
-2.3484009981608853
-2.318555050128092
-2.3179867144064716
-2.295704874226873
-2.2949518162937736
-2.2521189935747916
-2.250930624942321
-2.227086052280887
-2.226808821155322
-2.192379634855483
-2.192363805615511
-2.143700166425234
-2.143352590261559
-2.112750020901941
-2.1126952852386247
-2.091621238345425
-2.091527173097396
-1.905920008937536
-1.9054307746560808
-1.8409828818663825
-1.840381573274672
-1.807155436309653
-1.8044383107644275
-1.766021177450425
-1.7631270262103067
-1.734767930024236
-1.7343148940704958
-1.695522122387425
-1.6930167388517137
-1.5911246357734756
-1.5901090513235097
-1.5553254371014358
-1.5547326416612708
-1.5027808585418108
-1.502510991681978
-1.4583860954866041
-1.4569529675813426
-1.3916506827355153
-1.3883623235410234
-1.348747424211654
-1.3480043960215453
-1.314803267198013
-1.3080037551231314
-1.2899598345080383
-1.287540959640303
-1.2664653520507254
-1.2644737897038538
-0.6682686870102543
-0.6637177521093074
-0.6502028836942455
-0.6468039290368202
-0.6115338084272279
-0.6027199672606502
-0.5726316079815588
-0.5648603269846353
-0.5166649517902129
-0.511704067400423
-0.44362708981221033
-0.43570201424709953
-0.3856735332842837
-0.3845506664770071
-0.33821758487834863
-0.3347497545965257
-0.29168789179650956
-0.2560299032689519
-0.24072502265077622
-0.17760515296857848
-0.1314765457071645
-0.12253410642867202
-0.07708770349399519
-0.0020988453954915443
0.002098845395490656
0.07708770349399563
0.12253410642867024
0.13147654570716405
0.17760515296857893
0.2407250226507771
0.2560299032689519
0.2916878917965091
0.3347497545965248
0.33821758487834774
0.38455066647700836
0.3856735332842845
0.4357020142470982
0.443627089812209
0.5117040674004221
0.5166649517902124
0.5648603269846331
0.572631607981557
0.6027199672606485
0.6115338084272266
0.6468039290368208
0.650202883694246
0.6637177521093063
0.6682686870102528
1.2644737897038525
1.2664653520507245
1.2875409596403018
1.2899598345080368
1.3080037551231294
1.3148032671980106
1.348004396021547
1.3487474242116555
1.3883623235410232
1.3916506827355144
1.4569529675813422
1.4583860954866037
1.502510991681978
1.5027808585418108
1.5547326416612715
1.5553254371014364
1.59010905132351
1.591124635773476
1.6930167388517137
1.6955221223874253
1.7343148940704975
1.734767930024238
1.7631270262103071
1.7660211774504257
1.8044383107644273
1.8071554363096527
1.8403815732746729
1.840982881866383
1.9054307746560801
1.9059200089375357
2.0915271730973948
2.091621238345424
2.112695285238626
2.1127500209019425
2.143352590261557
2.143700166425232
2.1923638056155137
2.192379634855486
2.226808821155323
2.227086052280888
2.2509306249423195
2.2521189935747907
2.294951816293773
2.2957048742268724
2.317986714406472
2.3185550501280923
2.348400998160884
2.349646065913742
2.427009158360493
2.427229989978594
2.447227119703756
2.448039003560962
2.468224765594804
2.469716263646578
2.498252553372765
2.498789687958756
2.51577509319573
2.5161935685371555
2.5230506874284706
2.523212906192543
2.565876400461682
2.5659823660999326
2.5781543809356435
2.578236126520207
2.593100198177471
2.5931594981123505
2.6089452284117156
2.609000584454389
2.618455460858528
2.6185054114787896
2.627006466361587
2.627021649133501
2.6330912091791316
2.6331130311133784
2.635795498579032
2.6358210328275735
