-2.63679423707485
-2.6367922580794136
-2.6366742812122737
-2.6366724255825766
-2.636442072830817
-2.6364397514321842
-2.6361202402195816
-2.6361159186138217
-2.6358070360192882
-2.635794707269531
-2.6349762648842536
-2.634961854308144
-2.6346224553638207
-2.6346208722948457
-2.633996603353085
-2.6339956986091897
-2.6332453989142097
-2.6332442261820903
-2.6325179842688486
-2.632516638590838
-2.63210408430586
-2.6320874569575077
-2.6301050949289193
-2.630090373971167
-2.629286596908326
-2.6292808628346025
-2.6281938362744546
-2.628190720121282
-2.6270965502336185
-2.627095202748048
-2.6263110115843835
-2.6263054737124034
-2.620858332350023
-2.620813924122985
-2.6204521627555923
-2.6204446153681946
-2.619383743776868
-2.6193786934676697
-2.617853890176338
-2.617853498777871
-2.616196473779739
-2.616194214278987
-2.6149073941788674
-2.614875374309518
-2.6122718880923474
-2.6122422718944898
-2.610969624359992
-2.610968097525028
-2.609197501649863
-2.60918891524225
-2.607507939376393
-2.6075034948345897
-2.606308753514894
-2.6062946366945043
-2.6058206399782535
-2.605758514227511
-2.593596411164567
-2.593588520722486
-2.5923341113212426
-2.5923277796949877
-2.5902917153097507
-2.5902860460616726
-2.587951522784827
-2.587935438271196
-2.585978250990899
-2.5859288662865065
-2.580992619529623
-2.580888912704167
-2.5796100435685925
-2.579595222745101
-2.577095125735255
-2.5770899545627586
-2.5742395929045565
-2.5742389383856508
-2.5716052236532048
-2.5715863995634787
-2.5700383762878736
-2.5699100011151135
-2.5654042757102236
-2.5653173104705207
-2.5634487377465303
-2.5634173147590675
-2.5612148481147745
-2.5611907177638464
-2.559396464873474
-2.5593812200689023
-2.558375032870118
-2.5583562208876054
-2.521625260377133
-2.521334173146898
-2.520915722182277
-2.5204793384180313
-2.519551635777821
-2.519542649993669
-2.5174053544910575
-2.5172091345691645
-2.5144224859784323
-2.5144179709599044
-2.5118239035022984
-2.511574675939729
-2.5067758607794004
-2.5064088947163605
-2.5045976039109474
-2.5045857506389875
-2.5009563404793274
-2.5007802265805243
-2.496888582491343
-2.496742921180116
-2.493452893689661
-2.4932538085583205
-2.49190264916358
-2.490847149665639
-2.4795779661329562
-2.4791756782873424
-2.4765523033113346
-2.476392639260894
-2.472439979716587
-2.472012827456358
-2.46776413307752
-2.467603557384297
-2.4644823366600916
-2.4640723949570607
-2.4528873662870896
-2.452780919618948
-2.4518026861127673
-2.451658765067563
-2.4482603207401157
-2.448125030137923
-2.4437703141751017
-2.4437566781604096
-2.4394395645774742
-2.4394237374002548
-2.436219535527735
-2.4360778098672466
-2.4307086292607085
-2.430686648557059
-2.4288848669895855
-2.4288226319733144
-2.4259631815631892
-2.4259150727818897
-2.4234850732081803
-2.4234690545297948
-2.421874271385112
-2.4218687810873925
-2.4212030958285076
-2.421200294210818
-2.3367429642483235
-2.3367357810698124
-2.335385756616817
-2.33537901581949
-2.3328491547085153
-2.3328461037323462
-2.329505946630758
-2.3294909234582812
-2.326354595919607
-2.3263109919395677
-2.3186281735257728
-2.3186157590444645
-2.3159659155780257
-2.3159504025236886
-2.311088227579484
-2.311072065955883
-2.3054989909017887
-2.3054760542136834
-2.300264265301706
-2.3002441969334675
-2.2971198745219805
-2.297088114524503
-2.285513931640394
-2.285507188251572
-2.281000434106863
-2.2809969232770575
-2.2752129163733907
-2.2752108127934885
-2.2697842729153015
-2.2697693973829973
-2.2661699538704294
-2.2661467445644328
-2.2360846794281137
-2.2359703772155592
-2.235274368824646
-2.2350658587519794
-2.231238154364337
-2.2312187100631506
-2.225397111279399
-2.225287238312175
-2.218893726528071
-2.2188510941306285
-2.2136252891477834
-2.2134549056458885
-2.2040836230132097
-2.2039161112253853
-2.200010321370117
-2.1999580883900642
-2.1937080511151095
-2.193685657494221
-2.1875641065654556
-2.1874746720439817
-2.1828319974481807
-2.1827493246618292
-2.1807014574373027
-2.1804185394880293
-2.15290248134454
-2.1528759030593387
-2.1491815849748286
-2.149158667998663
-2.1435703639335744
-2.143555075079584
-2.13755355502804
-2.137512481862226
-2.132711166734418
-2.132614363126739
-2.1207817808897325
-2.120586623818691
-2.1182683026854967
-2.118221974286624
-2.1133300520163214
-2.1133240169374714
-2.1079482798468443
-2.107927321784004
-2.1032229734587164
-2.103188190415457
-2.100440290058414
-2.100283882829863
-2.0937432813578565
-2.093652557060134
-2.0911424721635097
-2.0911095514628046
-2.0883783255114565
-2.0883531298843265
-2.086321477020915
-2.0863074598062346
-2.0852447321145897
-2.0852287774090326
-1.9059204080124583
-1.905431254237982
-1.8548675984198593
-1.8538927260159324
-1.8535913430889828
-1.8532863243177558
-1.8518723434690456
-1.851066754926973
-1.8483918656658533
-1.8481968293914954
-1.8446984285597368
-1.8444042027634502
-1.840114487999497
-1.83991732776479
-1.837000228338439
-1.8365273717681332
-1.8312916471617804
-1.8311425562122388
-1.8248633611607543
-1.8245758633620899
-1.818404987944321
-1.8183797011755647
-1.8144380284503372
-1.814182129943618
-1.7973957237348173
-1.7965610356984405
-1.79356048149917
-1.7925190488908818
-1.7875112247330298
-1.7838938051917288
-1.7771343367163246
-1.7757594925548807
-1.7707274338737777
-1.7691282970510653
-1.757309435067032
-1.7565050172657883
-1.7473260208441745
-1.7415611371266109
-1.739074551610257
-1.7380261805278598
-1.7315192369374386
-1.7285623981654512
-1.7208533432139572
-1.7206194633859782
-1.7144104935992388
-1.711426909324757
-1.7026876276618232
-1.7024218339743584
-1.698777799673686
-1.6977023859287226
-1.6908879805846257
-1.6899185083979786
-1.6842447224552715
-1.6816735348408491
-1.6787174369436892
-1.6773020391711773
-1.6767861714316266
-1.6731454904886358
-1.6034691374188024
-1.6032081980555863
-1.60023239032321
-1.5999625834669682
-1.5942944630679106
-1.5941117666388704
-1.5868300402681417
-1.5862891991008115
-1.5798768802865666
-1.5785974372724987
-1.5650364538014154
-1.5641231220105438
-1.5622996500877369
-1.5605252241285712
-1.5528013752507117
-1.5525802750139057
-1.5432011091599696
-1.5421874134508102
-1.53356443499199
-1.5328902200178267
-1.5279774190525508
-1.5252435573639584
-1.51100787714406
-1.5098559154260136
-1.5052186353625976
-1.5044979022282015
-1.4972678222669562
-1.4962205975299572
-1.4894169642718695
-1.4892466808780396
-1.4849025991771285
-1.4845654187723643
-1.458662595095645
-1.4571899335390284
-1.4237396706113081
-1.418816741517476
-1.4183587538138038
-1.4163556634341878
-1.4137187614279472
-1.4095297288980788
-1.4037238804342644
-1.4033397605576514
-1.397496730665727
-1.394590945563576
-1.3876130800806747
-1.3873879964698657
-1.3833870539528237
-1.3797423792239119
-1.3738785762460832
-1.373382140910317
-1.3668886635157866
-1.362404218440684
-1.359136385451161
-1.3562977755255943
-1.3556932149400354
-1.3475467308923919
-1.3296413082818783
-1.3279371864666183
-1.3272274072187378
-1.3247521697632925
-1.3223350588169722
-1.3157355387785552
-1.3111699943615922
-1.308535712229308
-1.3049276436250723
-1.3029789997356949
-1.2998330147285488
-1.2980560403531567
-1.2893429052584546
-1.2888601855410249
-1.2853327548970332
-1.2853266178298615
-1.2805655520383221
-1.2795365086714137
-1.2750890707171694
-1.2749511652163554
-1.2719246038551542
-1.2704642717059755
-1.2675626536067084
-1.2670488922998853
-1.2653408108875495
-1.2648149365337258
-1.2629039161924298
-1.2622602066970963
-1.2610939618410641
-1.2596545727025132
-1.259289305727262
-1.258542744687838
-1.2584914373387737
-1.2566904487209443
-0.6730531035820798
-0.6727177389149016
-0.6724335805082479
-0.6719774252812338
-0.670815991601872
-0.6702344136997533
-0.667091224100135
-0.6665529379620121
-0.6655424953605135
-0.6624713445519906
-0.6602911194647887
-0.6567217125846178
-0.6555491613294618
-0.6545715653402785
-0.6516393050984743
-0.6515150479596662
-0.6465276356033987
-0.6457765397707741
-0.6425388637796045
-0.6409433245228706
-0.64018048026504
-0.633629484476415
-0.6260766625694307
-0.6216503475639663
-0.6194186173935261
-0.6179989527600426
-0.6134834053999372
-0.6077378649165235
-0.6004702325400689
-0.6003394176431678
-0.596379542623927
-0.595977456297564
-0.5760526564451842
-0.5690013030385686
-0.5653430847548369
-0.5615310376602127
-0.558074549775372
-0.5580718978257245
-0.550146234953228
-0.5486937749041565
-0.5399452686591741
-0.5391841247301148
-0.5308809294513994
-0.5306616975808441
-0.5189469641204736
-0.5178130758263959
-0.5144147162761078
-0.5132209121245969
-0.5046899529719754
-0.5030786240197281
-0.4946667539721544
-0.493711501072486
-0.4868822746819348
-0.4865257161784555
-0.4840146587472716
-0.48179028639951194
-0.4321873578514361
-0.43178258065550484
-0.42831503421290124
-0.427496590852783
-0.42152434338934847
-0.418622968018973
-0.40744395944973977
-0.4046586658819791
-0.40066825638093695
-0.3929277431697229
-0.382837139847776
-0.3810071416132308
-0.37909378940518884
-0.36912292190015045
-0.3668453433472726
-0.3641599301925843
-0.3574902089311731
-0.35235007197573065
-0.3470239322171298
-0.34363308968251105
-0.3426371509365191
-0.33001204210004875
-0.3255637295033704
-0.3193964467737685
-0.31778492418727533
-0.314009515397866
-0.3133172377841891
-0.3024375603762919
-0.2989707550428398
-0.29795213602678866
-0.29677357358463485
-0.29566751259384616
-0.28857329300880785
-0.25575833375316304
-0.1636819058933825
-0.15562555561006083
-0.15528348741205097
-0.15427395696906682
-0.14800128058227058
-0.1435425519155233
-0.14308242465401907
-0.13886549997547226
-0.13728558416728545
-0.13343213413998
-0.12936825789526785
-0.12862301445238827
-0.12484503644196998
-0.1196644498605283
-0.11843265993814002
-0.1148350101254767
-0.11016090367164366
-0.10824717184512447
-0.09800703278534609
-0.09663307875194718
-0.09600022984047304
-0.07619639938533661
-0.07524392301850676
-0.07417512386665397
-0.06870746317171827
-0.06847500609728187
-0.06819754386942088
-8.029065654116275e-10
8.029067345599868e-10
0.0681975438694219
0.0684750060972823
0.0687074631717188
0.07417512386665591
0.07524392301850746
0.07619639938533619
0.09600022984047354
0.09663307875194715
0.09800703278534652
0.10824717184512506
0.11016090367164438
0.11483501012547803
0.11843265993814037
0.11966444986052807
0.12484503644197043
0.1286230144523875
0.12936825789526735
0.13343213413998045
0.1372855841672861
0.13886549997547293
0.1430824246540184
0.14354255191552412
0.14800128058227058
0.15427395696906748
0.15528348741205053
0.15562555561006142
0.1636819058933825
0.25575833375316437
0.28857329300880785
0.2956675125938479
0.29677357358463513
0.297952136026789
0.2989707550428399
0.3024375603762941
0.3133172377841894
0.3140095153978672
0.31778492418727655
0.31939644677376927
0.32556372950337087
0.33001204210004964
0.3426371509365201
0.34363308968251144
0.3470239322171311
0.35235007197573065
0.3574902089311731
0.3641599301925851
0.3668453433472729
0.3691229219001513
0.3790937894051884
0.381007141613231
0.3828371398477773
0.3929277431697229
0.4006682563809387
0.40465866588197885
0.4074439594497403
0.41862296801897436
0.4215243433893483
0.4274965908527835
0.42831503421290207
0.4317825806555051
0.4321873578514373
0.48179028639951227
0.484014658747272
0.48652571617845625
0.4868822746819354
0.4937115010724861
0.4946667539721545
0.5030786240197288
0.5046899529719757
0.5132209121245974
0.5144147162761087
0.5178130758263965
0.5189469641204741
0.5306616975808457
0.530880929451401
0.5391841247301156
0.5399452686591748
0.5486937749041573
0.5501462349532287
0.5580718978257265
0.5580745497753757
0.5615310376602118
0.565343084754836
0.569001303038569
0.5760526564451833
0.5959774562975643
0.596379542623928
0.6003394176431679
0.6004702325400694
0.6077378649165253
0.6134834053999381
0.6179989527600437
0.6194186173935272
0.6216503475639676
0.6260766625694316
0.6336294844764168
0.640180480265041
0.6409433245228702
0.6425388637796059
0.6457765397707736
0.6465276356033988
0.6515150479596674
0.6516393050984756
0.6545715653402792
0.6555491613294614
0.6567217125846175
0.6602911194647896
0.6624713445519916
0.6655424953605149
0.666552937962013
0.6670912241001362
0.6702344136997531
0.670815991601874
0.6719774252812346
0.6724335805082484
0.6727177389149012
0.6730531035820813
1.2566904487209454
1.2584914373387737
1.258542744687838
1.2592893057272623
1.2596545727025141
1.2610939618410646
1.2622602066970965
1.2629039161924303
1.2648149365337267
1.26534081088755
1.2670488922998853
1.2675626536067084
1.2704642717059755
1.2719246038551544
1.2749511652163559
1.2750890707171694
1.2795365086714139
1.2805655520383223
1.2853266178298617
1.2853327548970332
1.2888601855410255
1.2893429052584553
1.2980560403531565
1.2998330147285488
1.3029789997356942
1.304927643625072
1.3085357122293082
1.3111699943615924
1.3157355387785556
1.3223350588169716
1.3247521697632925
1.3272274072187378
1.327937186466618
1.3296413082818783
1.3475467308923927
1.3556932149400356
1.3562977755255945
1.3591363854511613
1.362404218440684
1.366888663515787
1.3733821409103173
1.3738785762460834
1.3797423792239116
1.3833870539528237
1.3873879964698654
1.387613080080674
1.3945909455635763
1.397496730665727
1.4033397605576519
1.4037238804342647
1.4095297288980806
1.4137187614279476
1.4163556634341883
1.418358753813804
1.4188167415174762
1.4237396706113086
1.4571899335390275
1.4586625950956449
1.4845654187723651
1.4849025991771294
1.4892466808780396
1.4894169642718698
1.4962205975299578
1.4972678222669564
1.5044979022282017
1.5052186353625978
1.5098559154260145
1.511007877144061
1.5252435573639591
1.5279774190525521
1.5328902200178265
1.5335644349919904
1.5421874134508096
1.543201109159969
1.5525802750139064
1.5528013752507126
1.5605252241285719
1.5622996500877377
1.5641231220105445
1.5650364538014157
1.5785974372724991
1.5798768802865673
1.5862891991008106
1.5868300402681415
1.5941117666388709
1.5942944630679103
1.599962583466968
1.60023239032321
1.6032081980555868
1.603469137418803
1.6731454904886367
1.6767861714316272
1.677302039171177
1.6787174369436904
1.6816735348408496
1.6842447224552723
1.6899185083979784
1.6908879805846255
1.6977023859287228
1.6987777996736861
1.702421833974358
1.7026876276618232
1.7114269093247572
1.714410493599239
1.7206194633859786
1.7208533432139577
1.7285623981654523
1.7315192369374393
1.7380261805278598
1.7390745516102566
1.7415611371266109
1.7473260208441754
1.7565050172657888
1.7573094350670324
1.7691282970510662
1.7707274338737782
1.7757594925548805
1.7771343367163253
1.7838938051917297
1.7875112247330296
1.7925190488908818
1.79356048149917
1.7965610356984403
1.797395723734817
1.8141821299436192
1.814438028450338
1.8183797011755654
1.8184049879443214
1.8245758633620894
1.824863361160754
1.8311425562122392
1.8312916471617806
1.8365273717681336
1.8370002283384392
1.8399173277647902
1.8401144879994968
1.8444042027634502
1.8446984285597372
1.8481968293914957
1.8483918656658533
1.851066754926974
1.8518723434690463
1.8532863243177573
1.8535913430889828
1.8538927260159337
1.8548675984198604
1.9054312542379828
1.905920408012459
2.0852287774090335
2.0852447321145906
2.086307459806235
2.0863214770209155
2.088353129884327
2.088378325511457
2.091109551462805
2.0911424721635097
2.0936525570601345
2.093743281357857
2.100283882829864
2.100440290058415
2.1031881904154566
2.1032229734587164
2.107927321784004
2.1079482798468447
2.1133240169374723
2.1133300520163223
2.1182219742866244
2.118268302685497
2.1205866238186912
2.1207817808897333
2.13261436312674
2.1327111667344187
2.1375124818622266
2.1375535550280405
2.1435550750795835
2.1435703639335744
2.149158667998663
2.149181584974829
2.152875903059339
2.1529024813445408
2.1804185394880307
2.180701457437305
2.1827493246618297
2.182831997448181
2.187474672043982
2.187564106565456
2.193685657494221
2.1937080511151095
2.1999580883900642
2.200010321370117
2.2039161112253858
2.2040836230132097
2.213454905645889
2.2136252891477843
2.2188510941306285
2.2188937265280715
2.225287238312175
2.225397111279399
2.231218710063151
2.2312381543643376
2.2350658587519794
2.235274368824646
2.2359703772155592
2.2360846794281137
2.266146744564433
2.26616995387043
2.2697693973829973
2.2697842729153015
2.2752108127934894
2.2752129163733916
2.280996923277058
2.2810004341068635
2.2855071882515725
2.2855139316403945
2.297088114524503
2.2971198745219805
2.3002441969334675
2.3002642653017062
2.3054760542136834
2.3054989909017887
2.3110720659558837
2.3110882275794844
2.315950402523689
2.3159659155780257
2.3186157590444645
2.3186281735257728
2.326310991939569
2.326354595919608
2.3294909234582817
2.329505946630758
2.3328461037323467
2.3328491547085157
2.33537901581949
2.335385756616817
2.3367357810698133
2.336742964248324
2.42120029421082
2.4212030958285093
2.421868781087393
2.4218742713851125
2.4234690545297948
2.4234850732081807
2.4259150727818906
2.42596318156319
2.428822631973315
2.4288848669895864
2.4306866485570597
2.4307086292607094
2.4360778098672475
2.436219535527736
2.439423737400256
2.4394395645774756
2.4437566781604105
2.4437703141751026
2.4481250301379234
2.448260320740116
2.4516587650675636
2.4518026861127673
2.4527809196189483
2.4528873662870905
2.464072394957062
2.4644823366600934
2.467603557384297
2.4677641330775204
2.4720128274563584
2.4724399797165866
2.4763926392608946
2.476552303311335
2.479175678287343
2.4795779661329567
2.490847149665641
2.4919026491635807
2.4932538085583213
2.4934528936896623
2.4967429211801164
2.4968885824913434
2.500780226580525
2.500956340479328
2.5045857506389884
2.5045976039109488
2.5064088947163605
2.5067758607794004
2.5115746759397295
2.5118239035022993
2.5144179709599053
2.514422485978433
2.517209134569165
2.5174053544910575
2.519542649993669
2.519551635777821
2.520479338418032
2.5209157221822784
2.521334173146898
2.521625260377133
2.558356220887606
2.558375032870118
2.5593812200689023
2.5593964648734744
2.561190717763847
2.561214848114775
2.563417314759068
2.5634487377465307
2.565317310470521
2.5654042757102244
2.569910001115115
2.570038376287875
2.5715863995634787
2.5716052236532048
2.574238938385651
2.5742395929045574
2.57708995456276
2.577095125735256
2.5795952227451013
2.5796100435685934
2.580888912704169
2.5809926195296247
2.5859288662865074
2.5859782509909
2.5879354382711957
2.587951522784827
2.590286046061673
2.5902917153097516
2.5923277796949877
2.592334111321243
2.593588520722487
2.5935964111645684
2.605758514227512
2.6058206399782544
2.6062946366945043
2.606308753514894
2.60750349483459
2.6075079393763936
2.60918891524225
2.609197501649863
2.610968097525028
2.610969624359992
2.6122422718944907
2.6122718880923483
2.6148753743095194
2.6149073941788687
2.616194214278988
2.61619647377974
2.6178534987778725
2.6178538901763395
2.6193786934676697
2.6193837437768677
2.6204446153681946
2.620452162755592
2.6208139241229857
2.620858332350024
2.6263054737124043
2.6263110115843844
2.627095202748048
2.6270965502336185
2.6281907201212826
2.628193836274455
2.629280862834603
2.6292865969083263
2.630090373971168
2.6301050949289198
2.632087456957509
2.6321040843058614
2.6325166385908374
2.632517984268848
2.6332442261820908
2.63324539891421
2.63399569860919
2.633996603353086
2.6346208722948457
2.6346224553638207
2.6349618543081452
2.634976264884255
2.635794707269533
2.63580703601929
2.6361159186138217
2.636120240219581
2.6364397514321847
2.636442072830817
2.636672425582576
2.636674281212273
2.6367922580794145
2.636794237074851
