-2.6368129734595382
-2.6368103625714214
-2.6366979436888665
-2.6366973247898673
-2.6364800606488776
-2.636469091436295
-2.6362693439191762
-2.6362638586143423
-2.6357305937772844
-2.6357281750574253
-2.635416852307834
-2.6354102640994026
-2.634468927759597
-2.634465948520833
-2.6340314290840734
-2.6340280146761685
-2.6331630178892085
-2.6331591690681426
-2.6326714982112867
-2.6326686577903557
-2.6310152140354393
-2.631006730539401
-2.630231487543241
-2.630223096836758
-2.6288702362569336
-2.6288684712901764
-2.6281101305605086
-2.628086674109006
-2.6271404469163566
-2.627134506752267
-2.6261768056552537
-2.6261757316206147
-2.6227502639227205
-2.6227136309455834
-2.6203254578997215
-2.620322010141535
-2.6195895178685413
-2.6195816141502064
-2.6179002946905396
-2.617884205734797
-2.6167833904167423
-2.616770460031121
-2.6141158126351858
-2.6141068072704554
-2.612957168356418
-2.61294806110429
-2.61033673180128
-2.610326623813511
-2.6091138931127245
-2.6090924945800253
-2.6072166079261145
-2.607208499331122
-2.6064622001891715
-2.6064533797124603
-2.6035754033507175
-2.603531394313961
-2.5938084217999235
-2.593799030240619
-2.5924067056047186
-2.592405575044089
-2.590552268921084
-2.5905198193947028
-2.5889298447217626
-2.588924042974367
-2.5856423308135685
-2.5856214795277674
-2.583762689519789
-2.58374906779829
-2.5790794251433558
-2.5790725241776618
-2.5773301495764303
-2.5773078197785884
-2.5740524709170995
-2.574028240062085
-2.5722476434699835
-2.5722473271840767
-2.567520038379013
-2.5674924567728454
-2.5657648202685164
-2.565741110243279
-2.5624561136930035
-2.56242642661812
-2.5610027023236706
-2.5609167065103744
-2.5592131941969116
-2.5592086871547846
-2.5582202148052056
-2.5581966491239125
-2.5232084244464166
-2.5229368256318083
-2.521583432424077
-2.521272437649418
-2.5196312181413285
-2.519604338230848
-2.517557474875287
-2.517504694491635
-2.5155959073260914
-2.515424634125734
-2.5108135327228225
-2.5107667104320615
-2.5085911376781254
-2.5084663968238248
-2.5036687903102433
-2.5035924348914245
-2.5007493506082015
-2.5005909381416953
-2.4962276969662867
-2.496129861200577
-2.493998106889644
-2.493820319048076
-2.4858675197698448
-2.485259080346556
-2.4800707445149808
-2.479838902202397
-2.4756298921769284
-2.4752766909470423
-2.4725540450315937
-2.4721693900986303
-2.4688853687806676
-2.468489436541668
-2.463950168089138
-2.4637270179320203
-2.458660494172825
-2.4583742323994486
-2.4519973321480677
-2.451516191043919
-2.4484146970956724
-2.448344932062067
-2.443837585607112
-2.4437188564307233
-2.4407141286391596
-2.440695808862394
-2.4340559457844106
-2.43405092054636
-2.4317925388143506
-2.431777190443291
-2.4279565295404595
-2.427863319030813
-2.4255631575789165
-2.425534716076768
-2.4230601553785496
-2.4230398049404758
-2.42202617869231
-2.4220206245707
-2.41891886649812
-2.4188975426356256
-2.3369619878030443
-2.3369498982350336
-2.335625911823208
-2.335622195326822
-2.333237892718434
-2.3331848926520347
-2.3310211634925015
-2.3309904459406585
-2.325716559533423
-2.3257084711552882
-2.3227610429357237
-2.3227249095822424
-2.314836524497179
-2.314802868482007
-2.311338694388114
-2.3113257529311615
-2.304910128687732
-2.304894852345925
-2.3014276462237584
-2.3013967377095925
-2.290642720317536
-2.290606484569328
-2.2863262321077022
-2.286324253603129
-2.2786192215564363
-2.278597261766006
-2.27467412415121
-2.274636042455777
-2.269623086534335
-2.269610338677799
-2.2656055332034453
-2.265591862075962
-2.2432393710749072
-2.2430412876615664
-2.235231278010204
-2.235228533049497
-2.2316978140034704
-2.2316863786866135
-2.225626127786383
-2.2256139202925462
-2.221211815377083
-2.2210931434130945
-2.2110905720203617
-2.211042179472326
-2.2068658264843513
-2.2068014481026115
-2.1980017768517492
-2.1979365570011753
-2.1933186878134943
-2.193270155861353
-2.1864335104312533
-2.186425928196051
-2.1834803357479506
-2.1834056670431776
-2.1725239698535495
-2.1723556892512494
-2.1535808280149276
-2.1535529863124783
-2.1490052065887792
-2.149000531026605
-2.144190105070225
-2.144127848752435
-2.1398617198543706
-2.139849270155618
-2.1320042826976735
-2.1319523617756304
-2.127311137070943
-2.1273031265057045
-2.117325021406765
-2.117320099700693
-2.1137884502677937
-2.11376701053899
-2.107640721351526
-2.1076196150984146
-2.104414089840173
-2.1043969211682167
-2.0968245977841615
-2.0967976827518866
-2.094310324209857
-2.0942890824423124
-2.089874119361563
-2.0898469779727558
-2.088114351601407
-2.0880401504676684
-2.086093975551621
-2.086090401525887
-2.0850856682154255
-2.0850668686030125
-1.9059204080123768
-1.9054312542378864
-1.8569881240016544
-1.8562398807884923
-1.853510504105495
-1.8532887279871482
-1.8520552970328
-1.8517813316818597
-1.8493723802177775
-1.849165685328181
-1.8442166133748885
-1.8440876637794972
-1.84123510432943
-1.840863058371353
-1.8378064000202265
-1.8375400018077166
-1.8302306335984053
-1.8301346926510689
-1.824020942008614
-1.823953073304396
-1.8193456146550415
-1.8192603465148058
-1.8049922635294258
-1.8049100154628928
-1.7986934576302458
-1.797997517758194
-1.7910260756147043
-1.7901620233155946
-1.7878518145231566
-1.7830372166192827
-1.778156695023378
-1.77605959661431
-1.770122164697552
-1.769150667190663
-1.7577578849345143
-1.756931409845098
-1.7561169145546185
-1.7543506469101744
-1.7386782800415936
-1.7377524964737054
-1.7313300548996462
-1.7302998616403165
-1.7236691224998608
-1.7224656665321432
-1.7095761417874502
-1.7093451690594983
-1.7048091595466757
-1.7038314568637427
-1.6978798413587541
-1.6970583236998684
-1.6887829825616434
-1.6887148785279058
-1.6821389230606953
-1.68129429096768
-1.6785220516178945
-1.6775914552716158
-1.6694875231914432
-1.6667602968192203
-1.6041620642325447
-1.6038512616795815
-1.6002962133831382
-1.6002580094322698
-1.5954143551493265
-1.594972970195486
-1.5896413431052199
-1.5896106353705737
-1.5787771405471667
-1.578271377771004
-1.572188250385806
-1.5719529141610484
-1.5615209520680764
-1.561494906484069
-1.55226716146328
-1.5521911036372804
-1.5421530105077195
-1.5418944141394646
-1.535519098782214
-1.5349590976420777
-1.5176105379956768
-1.5175125037232873
-1.5122875445251174
-1.5118098812754188
-1.5014799808116257
-1.5012955541931499
-1.4965352646866978
-1.49515392209321
-1.488427179108239
-1.4884244907584698
-1.4844000792446108
-1.4840679218073827
-1.4586577801631853
-1.4571844013851838
-1.4303408019997783
-1.4266847347592
-1.41820463867147
-1.4170813914286324
-1.413705952392967
-1.41215486729312
-1.406322920388704
-1.4050635815043149
-1.3946265015151316
-1.3944364788517283
-1.3896458818531008
-1.3880216769686469
-1.3833517717070551
-1.3824499844928342
-1.372376639890933
-1.3715754061742595
-1.3643064586908427
-1.362605234159082
-1.3585914195964297
-1.3567298498341684
-1.3442403229719457
-1.3387164811381007
-1.3307769841074233
-1.32937275628491
-1.3254872209629571
-1.323023342717352
-1.3229305205838509
-1.3174513349282964
-1.3119885215537344
-1.30932361132108
-1.3053731859866884
-1.3034947090880142
-1.2991707791031681
-1.2977726807374952
-1.2967274208313444
-1.2964009437299249
-1.284925679537006
-1.28463894450768
-1.280558067768138
-1.2803041673357278
-1.276296565232735
-1.275800551905209
-1.2697111089526987
-1.269555265115685
-1.2677536420048172
-1.267164672787284
-1.2653929284069527
-1.264763330004958
-1.2619975890725497
-1.2618585311852386
-1.2600774444632556
-1.2593763056533407
-1.258940647727684
-1.258459197606618
-1.2574053606121023
-1.2555861973806095
-0.673251453447095
-0.6728216015657764
-0.6721224486992182
-0.6720993264161145
-0.6714970355549149
-0.6701122340773346
-0.6682455784698174
-0.6676198981569071
-0.6644082115621404
-0.6639081431338499
-0.6617163394995264
-0.6606190264015896
-0.6552927755286112
-0.6544505878978317
-0.6519135844357966
-0.6512887329748324
-0.6457880387897122
-0.6453162893401612
-0.6427245271132188
-0.6420776014574051
-0.6302937307571864
-0.6285500732817101
-0.6260515913018998
-0.6232631508845781
-0.6167203156814048
-0.6164085954652547
-0.6140179617468858
-0.6044187179420017
-0.6013673399703636
-0.6001712258166899
-0.5957595025642801
-0.5952654313539708
-0.5769225872716712
-0.5759218919893678
-0.5721708966033741
-0.5687583761593045
-0.5581078238772198
-0.5576295569345355
-0.550329350750233
-0.5502026297891968
-0.5428740412084826
-0.5420681729521949
-0.5277327713978768
-0.5274483459317002
-0.5216165577936434
-0.5208230112534283
-0.5135965010387125
-0.5114200560554976
-0.5021596257813754
-0.5019039191496376
-0.49264776635194685
-0.49263394678593253
-0.4876771264599026
-0.48711908768470646
-0.47335204622004445
-0.4701197874216927
-0.4336683701667705
-0.43242193732596085
-0.42768552714801106
-0.4271044426126113
-0.4228140471194639
-0.42143010999796154
-0.40934035680407316
-0.40840087950276016
-0.3987432190169904
-0.3943631129505403
-0.39019373558139847
-0.38677577133884444
-0.3804241897244185
-0.3773274632643644
-0.3654401790802377
-0.3645964951653663
-0.356094175795963
-0.35322101440380715
-0.34764277699671065
-0.34595091106220766
-0.3295441248132237
-0.32816893337120634
-0.32205635086399376
-0.3206846028213828
-0.31725423542193854
-0.3125042615952618
-0.31059757416897926
-0.3004933261274814
-0.2987588296258966
-0.2987289703076168
-0.2964067363225556
-0.29512167220374746
-0.2885712342956097
-0.25575830680564904
-0.1661168219096263
-0.15751288633468954
-0.15589601322719493
-0.15424782920038524
-0.1538032391990447
-0.1478789088231327
-0.14365265955830026
-0.14175642066254748
-0.13459846311170598
-0.13430036707765025
-0.13049038852925832
-0.12787398479047218
-0.12404764270208375
-0.12381635064577975
-0.11711320377453793
-0.11430277037678627
-0.11067867080491478
-0.09951573081274336
-0.09777926943097416
-0.09528244588764623
-0.08677229209226356
-0.07639777438780479
-0.07601914259854511
-0.07504922516709378
-0.06941606000876868
-0.06842280017528578
-0.06767529390890155
-3.8006277306285104e-10
3.8006293019842176e-10
0.06767529390890167
0.06842280017528682
0.0694160600087685
0.07504922516709304
0.07601914259854566
0.07639777438780587
0.08677229209226489
0.09528244588764692
0.09777926943097494
0.09951573081274367
0.11067867080491656
0.11430277037678849
0.11711320377453749
0.12381635064577981
0.12404764270208382
0.1278739847904724
0.13049038852925854
0.13430036707765025
0.13459846311170545
0.14175642066254687
0.14365265955830153
0.14787890882313492
0.15380323919904548
0.15424782920038616
0.15589601322719532
0.15751288633469052
0.16611682190962673
0.25575830680565037
0.2885712342956115
0.29512167220374785
0.29640673632255665
0.2987289703076177
0.29875882962589706
0.30049332612748225
0.3105975741689811
0.3125042615952616
0.3172542354219394
0.32068460282138384
0.3220563508639946
0.32816893337120634
0.3295441248132247
0.34595091106220827
0.3476427769967114
0.3532210144038088
0.35609417579596503
0.36459649516536685
0.3654401790802382
0.37732746326436484
0.3804241897244198
0.3867757713388458
0.3901937355813989
0.39436311295054116
0.39874321901699084
0.4084008795027616
0.4093403568040731
0.42143010999796143
0.4228140471194651
0.42710444261261216
0.4276855271480112
0.43242193732596124
0.4336683701667709
0.47011978742169225
0.47335204622004623
0.48711908768470663
0.4876771264599027
0.4926339467859336
0.4926477663519479
0.501903919149639
0.5021596257813769
0.5114200560554991
0.5135965010387142
0.5208230112534297
0.5216165577936445
0.5274483459317016
0.5277327713978781
0.5420681729521954
0.5428740412084834
0.5502026297891973
0.5503293507502338
0.557629556934536
0.5581078238772197
0.5687583761593054
0.5721708966033767
0.575921891989368
0.5769225872716722
0.5952654313539708
0.5957595025642797
0.6001712258166897
0.6013673399703642
0.6044187179420022
0.614017961746887
0.6164085954652555
0.6167203156814055
0.6232631508845778
0.6260515913019002
0.6285500732817115
0.6302937307571874
0.6420776014574061
0.6427245271132199
0.6453162893401622
0.6457880387897132
0.6512887329748333
0.6519135844357974
0.6544505878978333
0.6552927755286124
0.660619026401591
0.6617163394995274
0.6639081431338505
0.6644082115621399
0.6676198981569075
0.6682455784698188
0.6701122340773349
0.6714970355549158
0.6720993264161155
0.6721224486992187
0.6728216015657779
0.6732514534470959
1.2555861973806102
1.257405360612103
1.2584591976066182
1.258940647727684
1.25937630565334
1.2600774444632565
1.261858531185239
1.2619975890725494
1.2647633300049586
1.2653929284069534
1.267164672787284
1.2677536420048172
1.2695552651156854
1.2697111089526993
1.275800551905209
1.2762965652327352
1.2803041673357283
1.2805580677681385
1.28463894450768
1.284925679537006
1.2964009437299255
1.2967274208313448
1.2977726807374956
1.2991707791031677
1.3034947090880142
1.3053731859866882
1.3093236113210802
1.3119885215537344
1.3174513349282977
1.322930520583851
1.3230233427173523
1.3254872209629573
1.3293727562849107
1.3307769841074237
1.3387164811381012
1.3442403229719475
1.3567298498341684
1.35859141959643
1.3626052341590824
1.3643064586908435
1.3715754061742595
1.3723766398909327
1.3824499844928346
1.3833517717070558
1.3880216769686469
1.3896458818531008
1.3944364788517294
1.3946265015151331
1.4050635815043144
1.4063229203887038
1.412154867293121
1.4137059523929678
1.417081391428632
1.41820463867147
1.4266847347592007
1.4303408019997794
1.4571844013851838
1.4586577801631861
1.4840679218073825
1.484400079244611
1.488424490758471
1.4884271791082404
1.4951539220932102
1.4965352646866983
1.5012955541931507
1.5014799808116268
1.5118098812754188
1.512287544525118
1.5175125037232882
1.5176105379956775
1.5349590976420782
1.5355190987822147
1.5418944141394653
1.5421530105077201
1.552191103637281
1.5522671614632806
1.5614949064840693
1.5615209520680766
1.571952914161049
1.5721882503858067
1.5782713777710042
1.578777140547167
1.5896106353705748
1.5896413431052212
1.5949729701954862
1.595414355149327
1.6002580094322711
1.6002962133831398
1.6038512616795817
1.6041620642325451
1.6667602968192208
1.6694875231914437
1.6775914552716162
1.6785220516178945
1.6812942909676794
1.682138923060696
1.6887148785279058
1.6887829825616434
1.6970583236998684
1.6978798413587541
1.7038314568637427
1.7048091595466757
1.7093451690594987
1.7095761417874504
1.7224656665321432
1.7236691224998608
1.730299861640317
1.7313300548996464
1.7377524964737057
1.7386782800415936
1.7543506469101748
1.7561169145546185
1.7569314098450992
1.7577578849345146
1.7691506671906632
1.7701221646975522
1.7760595966143113
1.778156695023379
1.783037216619282
1.7878518145231577
1.7901620233155948
1.7910260756147052
1.7979975177581937
1.798693457630246
1.8049100154628934
1.8049922635294262
1.8192603465148056
1.8193456146550415
1.8239530733043967
1.8240209420086146
1.8301346926510689
1.8302306335984053
1.8375400018077173
1.837806400020227
1.8408630583713532
1.8412351043294304
1.8440876637794978
1.844216613374889
1.8491656853281804
1.849372380217777
1.8517813316818605
1.8520552970328004
1.8532887279871482
1.8535105041054951
1.8562398807884934
1.8569881240016555
1.9054312542378882
1.905920408012379
2.0850668686030125
2.0850856682154255
2.0860904015258885
2.0860939755516217
2.088040150467669
2.088114351601408
2.0898469779727566
2.0898741193615633
2.094289082442313
2.0943103242098573
2.0967976827518875
2.096824597784163
2.104396921168217
2.1044140898401738
2.1076196150984154
2.107640721351527
2.113767010538991
2.1137884502677946
2.1173200997006933
2.1173250214067654
2.127303126505706
2.127311137070944
2.131952361775631
2.132004282697674
2.1398492701556195
2.139861719854372
2.144127848752436
2.144190105070226
2.1490005310266063
2.1490052065887806
2.1535529863124787
2.1535808280149284
2.17235568925125
2.1725239698535503
2.1834056670431776
2.183480335747951
2.186425928196052
2.1864335104312542
2.1932701558613537
2.1933186878134943
2.1979365570011757
2.1980017768517497
2.2068014481026124
2.206865826484352
2.211042179472326
2.211090572020362
2.221093143413095
2.2212118153770835
2.2256139202925467
2.2256261277863834
2.231686378686614
2.231697814003471
2.2352285330494994
2.2352312780102066
2.2430412876615673
2.2432393710749077
2.265591862075962
2.2656055332034453
2.269610338677799
2.2696230865343354
2.274636042455777
2.27467412415121
2.2785972617660066
2.278619221556437
2.286324253603129
2.2863262321077022
2.2906064845693286
2.290642720317537
2.3013967377095925
2.3014276462237584
2.304894852345925
2.304910128687732
2.3113257529311615
2.311338694388114
2.3148028684820066
2.314836524497179
2.3227249095822433
2.3227610429357246
2.3257084711552882
2.3257165595334226
2.330990445940659
2.331021163492502
2.3331848926520355
2.3332378927184347
2.335622195326822
2.335625911823208
2.3369498982350336
2.3369619878030448
2.4188975426356265
2.418918866498121
2.4220206245707
2.42202617869231
2.423039804940476
2.42306015537855
2.425534716076769
2.425563157578917
2.4278633190308136
2.42795652954046
2.431777190443292
2.4317925388143515
2.4340509205463605
2.434055945784411
2.4406958088623942
2.4407141286391596
2.4437188564307233
2.4438375856071124
2.4483449320620676
2.448414697095673
2.451516191043919
2.4519973321480677
2.458374232399449
2.458660494172826
2.4637270179320203
2.4639501680891382
2.4684894365416685
2.4688853687806676
2.472169390098631
2.4725540450315937
2.4752766909470427
2.4756298921769284
2.479838902202397
2.4800707445149808
2.485259080346557
2.4858675197698457
2.493820319048076
2.4939981068896446
2.496129861200578
2.496227696966287
2.5005909381416953
2.5007493506082015
2.5035924348914245
2.5036687903102437
2.508466396823825
2.508591137678126
2.510766710432062
2.510813532722823
2.5154246341257336
2.5155959073260914
2.517504694491635
2.517557474875287
2.519604338230848
2.5196312181413285
2.5212724376494187
2.521583432424077
2.5229368256318088
2.523208424446417
2.558196649123913
2.5582202148052064
2.559208687154785
2.559213194196912
2.560916706510375
2.561002702323671
2.5624264266181203
2.562456113693004
2.5657411102432786
2.5657648202685164
2.567492456772846
2.567520038379013
2.572247327184077
2.572247643469984
2.574028240062086
2.574052470917101
2.577307819778589
2.577330149576431
2.579072524177663
2.579079425143357
2.5837490677982915
2.58376268951979
2.585621479527768
2.585642330813569
2.588924042974368
2.5889298447217635
2.5905198193947028
2.590552268921084
2.5924055750440895
2.592406705604719
2.5937990302406195
2.593808421799924
2.603531394313961
2.603575403350718
2.6064533797124603
2.6064622001891715
2.6072084993311226
2.6072166079261145
2.6090924945800253
2.6091138931127245
2.6103266238135117
2.6103367318012802
2.6129480611042903
2.6129571683564183
2.614106807270456
2.614115812635186
2.6167704600311215
2.616783390416743
2.6178842057347973
2.6179002946905396
2.619581614150207
2.6195895178685413
2.6203220101415345
2.6203254578997206
2.622713630945585
2.622750263922722
2.626175731620615
2.6261768056552546
2.6271345067522676
2.627140446916357
2.6280866741090065
2.6281101305605095
2.6288684712901764
2.628870236256934
2.630223096836758
2.630231487543241
2.631006730539403
2.6310152140354406
2.632668657790356
2.632671498211287
2.633159169068144
2.6331630178892094
2.634028014676169
2.634031429084074
2.634465948520833
2.6344689277595976
2.635410264099404
2.635416852307835
2.6357281750574257
2.635730593777285
2.636263858614343
2.636269343919177
2.6364690914362963
2.636480060648879
2.636697324789868
2.6366979436888673
2.6368103625714228
2.636812973459539
