-2.6365537065166182
-2.636544295417357
-2.635858103140542
-2.635855464028334
-2.634300045947322
-2.6342885475457654
-2.632858496625097
-2.6328475402329734
-2.6292578272839005
-2.6292273607753316
-2.627260244180309
-2.627245266447383
-2.6207788507334775
-2.620771760797896
-2.6177343431135496
-2.617696175013098
-2.612109170670018
-2.6120668798151314
-2.6088297431259897
-2.60879080457086
-2.6053381184565767
-2.605203255287086
-2.5913687631219378
-2.591322802801038
-2.5860892694859756
-2.5859813790677753
-2.5794374059792102
-2.5793971149767643
-2.57338354762814
-2.57329906090009
-2.5637845766305167
-2.563734292651723
-2.559970079547183
-2.5598032559216404
-2.5476818236638756
-2.546827841639738
-2.5180154582723633
-2.5176743528056416
-2.509914608175461
-2.5098925438705604
-2.5009812201082124
-2.5005322757523527
-2.4889385550950944
-2.4880188923675974
-2.480351310592653
-2.4791818664161127
-2.4682251879154142
-2.466627271886726
-2.4591231535717033
-2.458334611250545
-2.4435992263154533
-2.4434117550373915
-2.43339626982002
-2.4333876096571383
-2.4243220315526433
-2.4243073458839097
-2.3925525164937342
-2.3920238684418678
-2.3383903076901342
-2.338082991617371
-2.3315733567831383
-2.331458953680116
-2.316125594349635
-2.3159085258209298
-2.3047691604114258
-2.3045413642813783
-2.293156104561328
-2.29274884042616
-2.274610214335581
-2.2744779973875096
-2.2539633103503958
-2.252947843943023
-2.229815965354313
-2.22972046482068
-2.217961440124411
-2.2177520566214586
-2.19584292315967
-2.1956056388046346
-2.1835787942457676
-2.1835098594472075
-2.151338605539212
-2.1509517293394262
-2.1398160274043994
-2.13967304810422
-2.1170936291427593
-2.1169541535781233
-2.1067899573045383
-2.106698031843495
-2.094819234606085
-2.09458468912101
-2.0877089855208357
-2.0876196249818992
-1.9870712817902687
-1.9723201862885658
-1.8850982375864849
-1.88037830408022
-1.85132063417254
-1.8504293429233294
-1.8396369709925147
-1.8395791026590764
-1.8263144161941112
-1.8258617039608676
-1.8011465222604466
-1.8004993422505113
-1.788553080969784
-1.7836917768374203
-1.761597672910326
-1.7594953630868766
-1.743666151334378
-1.7401519039926334
-1.7214776429641432
-1.71898491143575
-1.7008763357203147
-1.7007253938491018
-1.6839413278240265
-1.6811052452287463
-1.6039892591498377
-1.6009327203749204
-1.5919426682532267
-1.5880259972914876
-1.5776172380318378
-1.572714957254969
-1.5475963239158408
-1.544527387337763
-1.5227882225106795
-1.5177615499787134
-1.5039838698048815
-1.5012877834215965
-1.4894731509251247
-1.4876556813408894
-1.4158503443476318
-1.4119613383058032
-1.3964367936599786
-1.3963748168932988
-1.3806881276168808
-1.3769853577593858
-1.3613574101729404
-1.3557107301040077
-1.3412501822540035
-1.339253832579887
-1.318336778838833
-1.3111434969391955
-1.3016873578902384
-1.3013206807130966
-1.2807531938556027
-1.279359757577256
-1.269593176043997
-1.269370497012184
-1.2619276932909096
-1.2597119632826221
-1.2434488065719154
-1.2315001580354146
-1.1864077452343165
-1.1239220457475207
-0.6719677625877426
-0.6701062161059044
-0.6649577971504125
-0.6640191268779139
-0.6535841558182489
-0.6516609726941877
-0.6429711369583869
-0.6418015224018904
-0.6183496616007615
-0.6132705441940876
-0.6054739794394259
-0.5981055617269546
-0.5642317204274376
-0.5592654601392759
-0.5448389090452054
-0.5433312630767253
-0.5147585590475274
-0.5112906179063343
-0.49798903854538956
-0.4928029332593793
-0.47855359708461
-0.46492045753488354
-0.42403178231365324
-0.41891154909312567
-0.3981363072278832
-0.38369470016972507
-0.36768863234646637
-0.36628194650615453
-0.34814357646720406
-0.34349755470075793
-0.3118154173714606
-0.31134394641725527
-0.3053555175924645
-0.2950409024571923
-0.24609984605877822
-0.21122569482886
-0.15410173608535738
-0.14234071624786004
-0.12958247916614768
-0.12908725582280345
-0.11526990842093632
-0.10037165842723983
-0.09360768211140291
-0.0756320488213924
-0.07002315087134026
-6.967684505229087e-5
6.967684505439488e-5
0.07002315087133715
0.07563204882139196
0.09360768211140202
0.1003716584272385
0.11526990842093499
0.1290872558228037
0.12958247916614793
0.14234071624786004
0.15410173608535604
0.29504090245719006
0.3053555175924645
0.3113439464172551
0.31181541737146057
0.3434975547007566
0.34814357646720406
0.36628194650615575
0.36768863234646676
0.3836947001697246
0.3981363072278823
0.41891154909312567
0.4240317823136528
0.4649204575348831
0.47855359708460954
0.4928029332593806
0.4979890385453891
0.5112906179063348
0.5147585590475274
0.5433312630767256
0.5448389090452058
0.5592654601392759
0.5642317204274359
0.5981055617269546
0.6054739794394264
0.6132705441940876
0.6183496616007607
0.6418015224018897
0.6429711369583866
0.6516609726941879
0.6535841558182488
0.6640191268779138
0.6649577971504129
0.6701062161059054
0.6719677625877414
1.231500158035414
1.243448806571917
1.2597119632826206
1.2619276932909087
1.2693704970121837
1.2695931760439962
1.2793597575772562
1.2807531938556025
1.3013206807130973
1.3016873578902386
1.3111434969391946
1.3183367788388323
1.339253832579887
1.3412501822540046
1.3613574101729409
1.3769853577593854
1.3806881276168808
1.3964367936599806
1.4119613383058027
1.415850344347631
1.4876556813408894
1.4894731509251251
1.5012877834215972
1.5039838698048822
1.517761549978712
1.5227882225106801
1.5445273873377634
1.5475963239158412
1.5727149572549697
1.5776172380318376
1.588025997291488
1.5919426682532274
1.6009327203749206
1.6039892591498375
1.6811052452287458
1.683941327824026
1.7007253938491016
1.7008763357203145
1.7189849114357503
1.7214776429641436
1.7401519039926336
1.743666151334378
1.7594953630868764
1.7615976729103255
1.7836917768374203
1.7885530809697845
1.8004993422505116
1.801146522260447
1.8258617039608676
1.8263144161941112
1.8395791026590758
1.8396369709925142
1.850429342923329
1.8513206341725392
1.88037830408022
1.8850982375864866
2.087619624981899
2.087708985520835
2.0945846891210085
2.0948192346060837
2.106698031843495
2.1067899573045383
2.116954153578124
2.11709362914276
2.1396730481042208
2.1398160274044002
2.1509517293394262
2.151338605539212
2.1835098594472075
2.1835787942457676
2.195605638804635
2.19584292315967
2.217752056621459
2.2179614401244114
2.2297204648206805
2.2298159653543133
2.2529478439430224
2.2539633103503958
2.27447799738751
2.274610214335581
2.2927488404261593
2.2931561045613273
2.3045413642813783
2.3047691604114253
2.3159085258209298
2.316125594349635
2.3314589536801167
2.3315733567831387
2.338082991617372
2.338390307690135
2.392023868441867
2.3925525164937333
2.4243073458839093
2.4243220315526433
2.43338760965714
2.4333962698200216
2.443411755037392
2.443599226315454
2.4583346112505455
2.4591231535717033
2.466627271886727
2.4682251879154142
2.4791818664161127
2.4803513105926536
2.488018892367598
2.4889385550950953
2.500532275752353
2.500981220108213
2.5098925438705604
2.5099146081754613
2.5176743528056416
2.518015458272363
2.546827841639736
2.5476818236638734
2.55980325592164
2.5599700795471825
2.5637342926517226
2.5637845766305163
2.5732990609000894
2.5733835476281395
2.579397114976765
2.5794374059792116
2.5859813790677753
2.586089269485976
2.5913228028010367
2.591368763121937
2.6052032552870856
2.6053381184565767
2.608790804570859
2.608829743125989
2.612066879815131
2.6121091706700175
2.617696175013098
2.6177343431135496
2.620771760797896
2.620778850733478
2.6272452664473827
2.6272602441803086
2.62922736077533
2.6292578272838987
2.6328475402329734
2.632858496625097
2.634288547545765
2.634300045947322
2.6358554640283334
2.6358581031405417
2.636544295417356
2.636553706516617
