-2.6368256309596485
-2.636825478250103
-2.6367577038791983
-2.6367575376480024
-2.6365405066576866
-2.636539633063537
-2.636385313660749
-2.6363798520397546
-2.636222486377124
-2.6362219921552956
-2.635759210759099
-2.635758386004373
-2.635503311293202
-2.635501993382811
-2.6345241023730797
-2.634522081929941
-2.6342081888351783
-2.634204915059642
-2.633810842556658
-2.6338090820909756
-2.6331096872235817
-2.633106079263354
-2.632662246978545
-2.6326599088147553
-2.6320541689048427
-2.632053232065763
-2.6304956226234975
-2.6304936878154153
-2.6299464865661264
-2.629942369698696
-2.6287280421206884
-2.6287177314515286
-2.6280668958404356
-2.6280372357354085
-2.6274396825062234
-2.6274387903599594
-2.626419010244997
-2.6264189126308533
-2.625971938528822
-2.6259718817000057
-2.620373957706866
-2.620370758578858
-2.6198696381564113
-2.6198514793515186
-2.6189633398569856
-2.618952312341053
-2.617801216005075
-2.6177816718303344
-2.616770348043295
-2.616759546250193
-2.614794143867448
-2.614775907159676
-2.6135735832851013
-2.613573369736674
-2.6124062370293113
-2.61239067592473
-2.610340677829271
-2.6103326370889346
-2.609230927770608
-2.609203142294732
-2.6078718512846484
-2.607857588715214
-2.606945757699733
-2.6069302860440398
-2.6063640086960063
-2.606360214117007
-2.5940964999488094
-2.5940956537926736
-2.5934481805714555
-2.5934378368274476
-2.591870579528297
-2.591844471988424
-2.5906340540881816
-2.5905902744594282
-2.5891856660309833
-2.5891713788311352
-2.586358507751239
-2.58635588960919
-2.5849178341607755
-2.5849018593790274
-2.5817238761783394
-2.5816457153590635
-2.579126335272962
-2.5791232854287487
-2.5775641908305866
-2.5775426663047942
-2.575010981223701
-2.5750076193957967
-2.5734175710368326
-2.573391152129145
-2.5720003384414607
-2.5719980110641854
-2.566963589472256
-2.5669576033427033
-2.5655716682292575
-2.5655621413466694
-2.562777965037907
-2.5627704039690458
-2.56168431089701
-2.561641784748841
-2.560459410279731
-2.5604474942600404
-2.558676688389385
-2.5586759230081
-2.558084569167242
-2.5580823926480827
-2.5245109250113167
-2.523603456907614
-2.5215839851016395
-2.5212736214920186
-2.5198691766840384
-2.5198457370944927
-2.5181667709448496
-2.5181524165204023
-2.5170044749842577
-2.51697849455707
-2.5152196266116764
-2.515205093411334
-2.510903148023735
-2.510899438259903
-2.5089592972962746
-2.508948648113035
-2.503970633087843
-2.50391302577119
-2.502414566813625
-2.5023252555539837
-2.499990120167477
-2.499855782244193
-2.4961370822464666
-2.496130416992867
-2.4943134085871224
-2.494005024982784
-2.4928269079714416
-2.4926285185459647
-2.4807001880626136
-2.4806719914531885
-2.4787595183720295
-2.4787270110909145
-2.4743771663848295
-2.4742005500593396
-2.472284752966626
-2.4709964988593835
-2.469183721804373
-2.4690813772840245
-2.4647037637710234
-2.4646700506807084
-2.4626927393193867
-2.462641883048348
-2.452039735503359
-2.451577506444464
-2.4494253286702174
-2.449254687950536
-2.4465513745640086
-2.4464800063505368
-2.4435825384684104
-2.443464335854594
-2.440665773141595
-2.440650628468839
-2.436163233448342
-2.436126416968662
-2.4331798927487815
-2.4331597403915093
-2.430854283438684
-2.4308433222532493
-2.427928233697174
-2.427836394754591
-2.425710474456274
-2.42567927814234
-2.4236636171629917
-2.4236510730521044
-2.422721096529479
-2.4227051463180276
-2.421847155404224
-2.4218444442093015
-2.3468683471529386
-2.345575670893468
-2.3370731915208713
-2.3370728672519645
-2.336214626556814
-2.336200715600411
-2.3336917732253313
-2.333679289696374
-2.3317436721965032
-2.3316405925707464
-2.3292468610203585
-2.329077534795394
-2.3255023068481857
-2.3254689161487523
-2.3230775231443106
-2.322990159653884
-2.3150492587275324
-2.31501552473866
-2.3121206074047547
-2.312094545785118
-2.307942628370407
-2.3078776835335617
-2.3040605887686834
-2.30403177668841
-2.3010455192194783
-2.3010165395763647
-2.289379669824825
-2.289263926509265
-2.2863947032372054
-2.286313591676463
-2.281532089196873
-2.2812658100315226
-2.277261929577341
-2.2771500821584016
-2.273399089765782
-2.2733858105688944
-2.2677260594361854
-2.2676648514201045
-2.265265975074565
-2.2652310307682035
-2.2580158702084083
-2.256806687504217
-2.2352664650063585
-2.235263361514904
-2.232599331661474
-2.232563833129407
-2.2283078182585894
-2.2283031049494815
-2.2248899317539443
-2.2248704731113187
-2.2208610151762542
-2.2207832347800034
-2.2118122436207353
-2.211730439635321
-2.2081067899469327
-2.208048780198122
-2.2017081929344346
-2.2014121327378784
-2.1977517916472857
-2.197653960487724
-2.1932902311236226
-2.193279834308453
-2.187663687943172
-2.1876242318836496
-2.185133655866561
-2.1851208280874106
-2.1828870495548345
-2.1828620998657726
-2.154315141482666
-2.154308662869459
-2.1521029728614987
-2.152087003568792
-2.1464632262064383
-2.146424750607368
-2.143507859618914
-2.143441209656624
-2.140194791468457
-2.1401617648832367
-2.133176588010693
-2.1331543314606454
-2.1300267513439
-2.1300091059476287
-2.118057480494026
-2.117982208538661
-2.1165741102231745
-2.1164501634152817
-2.113549516871679
-2.1134727742821715
-2.1082323545505237
-2.108165887183638
-2.105660769120373
-2.1055738082960316
-2.1036220421720744
-2.103578807803034
-2.095974859476412
-2.095963167303511
-2.093920386982951
-2.0939096852144385
-2.090055619574373
-2.0900437848300655
-2.0887046811369285
-2.088681871189041
-2.0874091253334326
-2.0874021024510174
-2.08553486621598
-2.0855324859585576
-2.0849419782145113
-2.084941407578682
-1.905920408012379
-1.9054312542378884
-1.8536591988184448
-1.8536529460349351
-1.852515652331883
-1.852502931721051
-1.8515987426574945
-1.851566373508717
-1.8492471671944968
-1.84918267725193
-1.8449470101951144
-1.8448131118126794
-1.8429444869508953
-1.8429371344761711
-1.839355762581354
-1.839087426104591
-1.8375469870977303
-1.8374077159193107
-1.830631658919112
-1.8306166356815072
-1.82533044927315
-1.8252942478314602
-1.8225395630542947
-1.8224956599175348
-1.8184137249665342
-1.8183932735998405
-1.8002080527027275
-1.800024297636894
-1.7973648229466146
-1.7972874194403128
-1.7918833851356526
-1.790989110361889
-1.7886356104596493
-1.7884215566496169
-1.780569044544731
-1.7801763848690655
-1.7722097397234102
-1.7720929852170606
-1.7683553728407562
-1.768305642570529
-1.7584778338097187
-1.7574352823093466
-1.7568763623626114
-1.7561627509968882
-1.7393406552817698
-1.7393151640992348
-1.7327419366509151
-1.732645066504768
-1.7289359971572669
-1.728892342818109
-1.7220262399429949
-1.7219860670422744
-1.7096547389993115
-1.7096068529290196
-1.7056160460395442
-1.7055171168411363
-1.6986683064852757
-1.6983060834590102
-1.6958525815521681
-1.6953630887326785
-1.6885827157873088
-1.6881915257126934
-1.6824561470366424
-1.6821723365579335
-1.680093089485521
-1.6800808222872279
-1.6772451707487162
-1.677201972944155
-1.6045041897963486
-1.6044700429539491
-1.6024559695263394
-1.602431281792107
-1.59686696675387
-1.5967771219138962
-1.5935697183287074
-1.5930914822398587
-1.5892060368314138
-1.588993690244916
-1.579566839617626
-1.5793965879936713
-1.5747786400175037
-1.5746898222750492
-1.5616980541969172
-1.5616743892462497
-1.5558037784985346
-1.5556424936258506
-1.5505669886880824
-1.5500469559844372
-1.5422511340994405
-1.541854912591285
-1.5368292307932983
-1.535930873850972
-1.5319886886017353
-1.5317387145496417
-1.5151552975145544
-1.514929230182529
-1.5103940998771328
-1.5103011284212475
-1.5013471741343705
-1.5011573130648572
-1.497373627578854
-1.4963133543735565
-1.4924496682073112
-1.4923044323046093
-1.485939513437393
-1.4858463918207383
-1.4835020449981684
-1.4834362017987326
-1.4586577797142168
-1.4571844010851331
-1.4187019447937428
-1.41854656731334
-1.4151761146333488
-1.4149027076483534
-1.412666199856721
-1.4119464765047383
-1.406441826232139
-1.405227608158108
-1.3983253057711402
-1.3968998113590956
-1.3934052422718766
-1.392870284867722
-1.387605665614423
-1.3868610014363774
-1.3833430766101442
-1.3823497425043139
-1.3734472197157037
-1.37261827739864
-1.3659846702665521
-1.3654040988393177
-1.3623836484283918
-1.3617998791416284
-1.356721548440504
-1.3563811265003738
-1.33498854044107
-1.3349854294481773
-1.330869205748693
-1.330014549811199
-1.3274352399844735
-1.326624066290604
-1.3242139420046062
-1.3221434062592303
-1.3187287970183597
-1.3124186854113586
-1.3089478873721936
-1.3067770530789533
-1.304452976919047
-1.3040281824016198
-1.3013918918962588
-1.300192821284987
-1.2987599694447056
-1.2972464385676576
-1.285608335436348
-1.2855902771619792
-1.2818845024690406
-1.2818463439097978
-1.2796858942574443
-1.2795873476902302
-1.2757530687109477
-1.275612212181285
-1.2703013643956693
-1.26992771790349
-1.2685295850973284
-1.2684622851408391
-1.2662797539732857
-1.2660863307662518
-1.264745480749153
-1.264596956554139
-1.2620836560270359
-1.2619697754868342
-1.2601318547133655
-1.2600934972402593
-1.2593187943698434
-1.2592938278231174
-1.2584424986075493
-1.2584341125690768
-0.6732569269670327
-0.6732400748761006
-0.6723385250139917
-0.6723294121783887
-0.6716577822006184
-0.6716292325825703
-0.6701011801611949
-0.6691134432071819
-0.6676213505193007
-0.6675048740756397
-0.6644591596039178
-0.664290828333275
-0.6618453654917804
-0.6616496930945481
-0.6553829576515021
-0.654646808887448
-0.6532259826203071
-0.6524064964456489
-0.6501886741649194
-0.6499342123440597
-0.6455102995200864
-0.6452784981838362
-0.6429759008354083
-0.6419549614564248
-0.639937264902961
-0.6370087998812055
-0.6272106367628679
-0.6266102723164978
-0.6228859541543205
-0.6223998880080023
-0.6162360933658415
-0.6156918809509233
-0.6139893735128453
-0.6038913706092089
-0.6024191272882422
-0.6023316943566931
-0.5971395628237587
-0.5968391652302851
-0.5943045829752462
-0.5942340020690106
-0.5759195045915408
-0.5687635526249402
-0.5595885850446257
-0.5591230939683158
-0.5542975734663282
-0.5536313131046282
-0.5497475952568877
-0.54933076760557
-0.542512149654272
-0.5420926222233085
-0.5311536537158394
-0.5308649244994612
-0.5260808232814292
-0.5246102375015438
-0.5185727883146727
-0.518339897809788
-0.5134461775274972
-0.5112936016142733
-0.5031461484326504
-0.5022304587937184
-0.49510317302877815
-0.49446902050413255
-0.49114589305417516
-0.49084593807294485
-0.48641900309002417
-0.48640922850572466
-0.4364507254829263
-0.43442015139652873
-0.43365560288803306
-0.43120251887706373
-0.4290733541654326
-0.4254134386781128
-0.4240653304449237
-0.42134304429708813
-0.41084284383465425
-0.4095839365819847
-0.40015858348084954
-0.3994677796964119
-0.39434436917290483
-0.3921839777155356
-0.3856610655475025
-0.3827966890036037
-0.3804601815803878
-0.37733686953020085
-0.3660898951488691
-0.3658015069866551
-0.3571416136643685
-0.3562919581806171
-0.35291250793906326
-0.35188350133047114
-0.3457280578808482
-0.3453375352254494
-0.327972992562826
-0.3273991222634821
-0.321060618568417
-0.3206022445614881
-0.317280316945455
-0.31263195259685894
-0.3126002263293774
-0.31086835434829624
-0.3002622568066675
-0.30009956037760327
-0.298108030606778
-0.2979444698012068
-0.2951532098346822
-0.29509864899043664
-0.2885712319157925
-0.2557583068056477
-0.24644560803075732
-0.18226198806895688
-0.15591012557760586
-0.15566116648371436
-0.15382749144763627
-0.1531990240984467
-0.14788536938316146
-0.147734133705005
-0.1417675876880982
-0.1402829752646785
-0.13498531940582242
-0.13491505075121976
-0.1312106486081499
-0.12976884734327468
-0.12642182477721728
-0.12633465090862414
-0.1231797057926017
-0.12172891360547508
-0.11708654106653293
-0.112046458082016
-0.11067597496839701
-0.09950968964634989
-0.0993851138886368
-0.09558724560473958
-0.09525070587249866
-0.09519623162616513
-0.07639799812352369
-0.0752368947381701
-0.0750504822768906
-0.0694153321986084
-0.06938466747658238
-0.06767493790891187
-0.06765129906338961
-7.177022637449848e-12
7.177592944039036e-12
0.06765129906339026
0.0676749379089125
0.06938466747658265
0.06941533219860921
0.0750504822768906
0.07523689473817197
0.07639799812352173
0.09519623162616533
0.09525070587249798
0.09558724560473977
0.09938511388863704
0.09950968964635042
0.11067597496839789
0.11204645808201737
0.11708654106653293
0.12172891360547533
0.12317970579260196
0.1263346509086233
0.12642182477721703
0.1297688473432748
0.13121064860815002
0.1349150507512195
0.13498531940582112
0.1402829752646794
0.14176758768809897
0.14773413370500527
0.14788536938316196
0.1531990240984468
0.1538274914476366
0.15566116648371486
0.1559101255776063
0.18226198806895555
0.24644560803075466
0.2557583068056495
0.2885712319157938
0.29509864899043664
0.29515320983468224
0.2979444698012073
0.29810803060677926
0.30009956037760294
0.3002622568066679
0.31086835434829624
0.31260022632937845
0.3126319525968598
0.31728031694545544
0.3206022445614888
0.3210606185684174
0.3273991222634825
0.327972992562827
0.3453375352254502
0.3457280578808488
0.35188350133047125
0.35291250793906337
0.3562919581806171
0.3571416136643686
0.3658015069866554
0.36608989514886936
0.37733686953020085
0.38046018158038786
0.3827966890036034
0.3856610655475028
0.39218397771553654
0.3943443691729053
0.39946777969641195
0.40015858348084976
0.40958393658198555
0.4108428438346545
0.421343044297088
0.42406533044492406
0.42541343867811326
0.42907335416543296
0.43120251887706423
0.4336556028880334
0.434420151396529
0.4364507254829263
0.48640922850572477
0.4864190030900243
0.49084593807294574
0.4911458930541761
0.49446902050413327
0.495103173028779
0.5022304587937192
0.503146148432651
0.5112936016142737
0.5134461775274972
0.5183398978097884
0.5185727883146732
0.5246102375015447
0.5260808232814299
0.5308649244994614
0.5311536537158399
0.5420926222233089
0.5425121496542723
0.5493307676055705
0.5497475952568882
0.5536313131046288
0.554297573466329
0.5591230939683166
0.5595885850446266
0.5687635526249397
0.57591950459154
0.5942340020690107
0.5943045829752462
0.5968391652302857
0.5971395628237594
0.6023316943566921
0.602419127288242
0.6038913706092092
0.613989373512846
0.6156918809509235
0.6162360933658417
0.6223998880080025
0.6228859541543217
0.6266102723164978
0.6272106367628687
0.6370087998812062
0.6399372649029611
0.6419549614564252
0.6429759008354079
0.6452784981838361
0.6455102995200858
0.6499342123440601
0.6501886741649198
0.6524064964456486
0.653225982620308
0.654646808887448
0.6553829576515027
0.6616496930945485
0.6618453654917812
0.6642908283332756
0.6644591596039191
0.6675048740756402
0.6676213505193009
0.6691134432071822
0.6701011801611944
0.6716292325825695
0.6716577822006182
0.6723294121783888
0.6723385250139916
0.6732400748761004
0.6732569269670342
1.258434112569078
1.2584424986075502
1.259293827823118
1.2593187943698445
1.2600934972402602
1.2601318547133666
1.2619697754868349
1.262083656027036
1.26459695655414
1.2647454807491536
1.2660863307662522
1.266279753973286
1.2684622851408398
1.2685295850973286
1.26992771790349
1.2703013643956698
1.275612212181286
1.2757530687109484
1.2795873476902306
1.2796858942574447
1.281846343909798
1.2818845024690406
1.2855902771619803
1.2856083354363488
1.2972464385676583
1.2987599694447058
1.3001928212849878
1.301391891896259
1.3040281824016196
1.3044529769190476
1.3067770530789538
1.3089478873721943
1.3124186854113593
1.3187287970183599
1.3221434062592308
1.3242139420046064
1.3266240662906046
1.327435239984474
1.3300145498112004
1.330869205748694
1.3349854294481776
1.3349885404410704
1.356381126500374
1.3567215484405042
1.3617998791416288
1.3623836484283922
1.365404098839318
1.3659846702665521
1.3726182773986397
1.373447219715704
1.3823497425043145
1.3833430766101449
1.3868610014363778
1.3876056656144233
1.3928702848677224
1.393405242271877
1.3968998113590956
1.398325305771141
1.405227608158108
1.4064418262321392
1.4119464765047387
1.4126661998567216
1.4149027076483542
1.4151761146333495
1.4185465673133406
1.4187019447937435
1.457184401085134
1.4586577797142177
1.4834362017987333
1.4835020449981693
1.485846391820739
1.4859395134373938
1.49230443230461
1.4924496682073118
1.4963133543735565
1.4973736275788536
1.501157313064858
1.501347174134371
1.510301128421248
1.5103940998771332
1.5149292301825301
1.5151552975145555
1.531738714549642
1.5319886886017358
1.5359308738509723
1.5368292307932985
1.5418549125912857
1.542251134099441
1.5500469559844376
1.5505669886880828
1.555642493625851
1.555803778498535
1.5616743892462503
1.5616980541969183
1.57468982227505
1.5747786400175048
1.579396587993672
1.5795668396176268
1.5889936902449162
1.5892060368314143
1.5930914822398587
1.5935697183287072
1.5967771219138964
1.5968669667538702
1.6024312817921074
1.6024559695263398
1.60447004295395
1.6045041897963497
1.6772019729441558
1.6772451707487164
1.6800808222872283
1.6800930894855213
1.6821723365579342
1.6824561470366433
1.6881915257126936
1.688582715787309
1.6953630887326792
1.6958525815521688
1.698306083459011
1.6986683064852768
1.7055171168411365
1.7056160460395444
1.70960685292902
1.7096547389993118
1.7219860670422753
1.7220262399429958
1.7288923428181096
1.728935997157267
1.7326450665047683
1.7327419366509154
1.7393151640992353
1.7393406552817705
1.7561627509968887
1.7568763623626116
1.757435282309347
1.7584778338097191
1.76830564257053
1.768355372840757
1.7720929852170615
1.7722097397234111
1.7801763848690666
1.7805690445447322
1.7884215566496173
1.7886356104596497
1.7909891103618893
1.7918833851356533
1.7972874194403134
1.7973648229466153
1.8000242976368952
1.8002080527027284
1.8183932735998412
1.8184137249665349
1.822495659917536
1.8225395630542958
1.8252942478314609
1.8253304492731504
1.830616635681508
1.8306316589191125
1.8374077159193114
1.8375469870977308
1.8390874261045913
1.8393557625813541
1.842937134476172
1.8429444869508962
1.8448131118126796
1.844947010195115
1.8491826772519304
1.8492471671944974
1.8515663735087178
1.8515987426574956
1.8525029317210524
1.8525156523318844
1.853652946034936
1.8536591988184457
1.905431254237888
1.9059204080123788
2.0849414075786834
2.0849419782145127
2.085532485958559
2.085534866215981
2.087402102451018
2.087409125333433
2.088681871189041
2.0887046811369285
2.090043784830066
2.0900556195743736
2.0939096852144385
2.093920386982951
2.0959631673035117
2.0959748594764127
2.103578807803035
2.1036220421720753
2.105573808296032
2.1056607691203735
2.108165887183639
2.1082323545505246
2.113472774282172
2.1135495168716796
2.1164501634152826
2.1165741102231754
2.1179822085386624
2.118057480494027
2.1300091059476296
2.130026751343901
2.1331543314606454
2.133176588010693
2.140161764883237
2.1401947914684576
2.143441209656624
2.143507859618914
2.146424750607368
2.1464632262064383
2.1520870035687922
2.152102972861499
2.15430866286946
2.154315141482667
2.182862099865773
2.182887049554835
2.185120828087411
2.1851336558665615
2.18762423188365
2.1876636879431723
2.193279834308453
2.1932902311236226
2.1976539604877243
2.197751791647286
2.2014121327378784
2.2017081929344346
2.208048780198123
2.2081067899469335
2.2117304396353217
2.211812243620736
2.2207832347800043
2.220861015176255
2.224870473111319
2.224889931753945
2.228303104949482
2.22830781825859
2.2325638331294075
2.2325993316614743
2.235263361514905
2.2352664650063594
2.2568066875042168
2.258015870208408
2.265231030768204
2.2652659750745654
2.2676648514201045
2.267726059436186
2.273385810568894
2.2733990897657814
2.277150082158402
2.2772619295773415
2.2812658100315226
2.281532089196873
2.2863135916764636
2.286394703237206
2.2892639265092654
2.2893796698248257
2.3010165395763655
2.301045519219479
2.304031776688411
2.3040605887686842
2.307877683533563
2.307942628370408
2.3120945457851185
2.312120607404755
2.315015524738661
2.3150492587275333
2.3229901596538847
2.3230775231443115
2.3254689161487527
2.3255023068481866
2.3290775347953945
2.329246861020359
2.3316405925707473
2.331743672196504
2.333679289696375
2.3336917732253317
2.336200715600413
2.3362146265568158
2.337072867251965
2.3370731915208713
2.345575670893468
2.346868347152938
2.4218444442093023
2.4218471554042242
2.4227051463180285
2.42272109652948
2.4236510730521044
2.4236636171629913
2.425679278142341
2.4257104744562747
2.4278363947545913
2.4279282336971746
2.4308433222532493
2.4308542834386846
2.4331597403915097
2.433179892748782
2.4361264169686616
2.4361632334483416
2.440650628468839
2.440665773141595
2.443464335854595
2.4435825384684113
2.4464800063505368
2.4465513745640086
2.449254687950536
2.449425328670218
2.451577506444464
2.4520397355033587
2.462641883048349
2.462692739319388
2.4646700506807084
2.4647037637710234
2.4690813772840245
2.4691837218043733
2.470996498859384
2.4722847529666256
2.4742005500593405
2.47437716638483
2.478727011090915
2.47875951837203
2.480671991453189
2.480700188062614
2.492628518545964
2.4928269079714402
2.4940050249827843
2.4943134085871224
2.4961304169928673
2.4961370822464675
2.4998557822441945
2.4999901201674777
2.5023252555539846
2.5024145668136257
2.503913025771191
2.503970633087844
2.5089486481130354
2.5089592972962755
2.5108994382599037
2.510903148023736
2.515205093411335
2.515219626611677
2.51697849455707
2.5170044749842577
2.518152416520403
2.51816677094485
2.519845737094493
2.5198691766840393
2.5212736214920204
2.521583985101641
2.523603456907614
2.5245109250113162
2.5580823926480836
2.5580845691672427
2.5586759230081015
2.558676688389386
2.5604474942600404
2.560459410279731
2.561641784748841
2.56168431089701
2.562770403969046
2.5627779650379074
2.5655621413466694
2.5655716682292575
2.5669576033427033
2.566963589472256
2.571998011064185
2.5720003384414603
2.5733911521291453
2.5734175710368334
2.5750076193957967
2.575010981223701
2.5775426663047947
2.577564190830587
2.5791232854287487
2.579126335272962
2.5816457153590644
2.58172387617834
2.5849018593790283
2.5849178341607764
2.5863558896091905
2.586358507751239
2.5891713788311352
2.5891856660309833
2.5905902744594282
2.5906340540881816
2.5918444719884235
2.5918705795282966
2.593437836827448
2.5934481805714564
2.5940956537926736
2.59409649994881
2.6063602141170072
2.6063640086960067
2.60693028604404
2.6069457576997332
2.6078575887152144
2.607871851284649
2.6092031422947324
2.6092309277706085
2.6103326370889346
2.610340677829271
2.61239067592473
2.6124062370293113
2.6135733697366748
2.6135735832851026
2.614775907159676
2.614794143867448
2.616759546250193
2.616770348043295
2.617781671830335
2.617801216005076
2.6189523123410536
2.618963339856986
2.6198514793515195
2.619869638156412
2.620370758578858
2.6203739577068665
2.625971881700006
2.6259719385288225
2.6264189126308533
2.626419010244997
2.62743879035996
2.627439682506224
2.628037235735408
2.6280668958404347
2.628717731451529
2.628728042120689
2.6299423696986963
2.629946486566127
2.6304936878154157
2.630495622623498
2.632053232065763
2.6320541689048427
2.6326599088147553
2.632662246978545
2.6331060792633534
2.6331096872235817
2.6338090820909756
2.633810842556658
2.634204915059642
2.6342081888351787
2.6345220819299415
2.63452410237308
2.635501993382812
2.6355033112932027
2.6357583860043734
2.6357592107590992
2.636221992155296
2.6362224863771244
2.636379852039754
2.636385313660749
2.6365396330635376
2.636540506657687
2.636757537648003
2.6367577038791987
2.6368254782501035
2.636825630959649
