-4.036780107092114
-4.036660035231148
-4.036427430021567
-4.03610448674943
-4.035787058023371
-4.034954649473965
-4.034607022524667
-4.0339808145591824
-4.033228700749869
-4.032500334399274
-4.0320784335604385
-4.030079152500422
-4.029264282932294
-4.0281718241009905
-4.027074303731237
-4.026285489413065
-4.020811597800977
-4.02042439360784
-4.019355261896247
-4.017826341668006
-4.016165900173164
-4.014860499609632
-4.0122238205933805
-4.010934185248788
-4.009156078824222
-4.007466948145506
-4.006260537665171
-4.005748603968544
-3.9935476153330773
-3.992284210344076
-3.9902392610239623
-3.9878911177653764
-3.9858988203748837
-3.9808815699684934
-3.979542952866005
-3.977028604799369
-3.9741719483042037
-3.9715237490724222
-3.969900845538276
-3.965281673305611
-3.9633513252196697
-3.961118453761932
-3.9593012610040526
-3.958275429986599
-3.921381907036059
-3.920598081329157
-3.9194569995310258
-3.91721803258669
-3.914321202066396
-3.9115867396224555
-3.9064721308969212
-3.904475229431743
-3.9007262774156395
-3.896691200963695
-3.893179530911044
-3.8912574321303577
-3.879193597031993
-3.8762568041996626
-3.872061041032381
-3.8676722507640293
-3.8642102075631097
-3.852641091300282
-3.851688613373013
-3.8480751243171043
-3.843636100514726
-3.839289708773881
-3.8359985688581917
-3.8305381929007654
-3.8286917578455344
-3.82577155678906
-3.8233047496581514
-3.8216957906178526
-3.8210238289777627
-3.736526857286858
-3.73516741726965
-3.732628563567107
-3.729274422122821
-3.7261038236215454
-3.718383365367778
-3.7157159152182335
-3.710830524664541
-3.7052295711697405
-3.699988277309032
-3.6968329544475975
-3.6852277315914908
-3.6807093666953383
-3.674913733387113
-3.6694699363840995
-3.6658449959553945
-3.6356876140574217
-3.6348430656621167
-3.630887598238763
-3.6249927983468817
-3.6185123755283866
-3.6131704927974333
-3.6036180960663002
-3.599596665743866
-3.593297906481489
-3.587111657515298
-3.5823717147051672
-3.580139794620321
-3.552444237128332
-3.5487176615011746
-3.543099196491307
-3.537058381757584
-3.5321789283923155
-3.520181638632855
-3.517740658400744
-3.512810945696873
-3.507411122650754
-3.502667961758818
-3.4998190552642816
-3.493142585563662
-3.490565597375443
-3.4877997601963138
-3.485743988353269
-3.4846635213652575
-3.3049881085445048
-3.2534820777485227
-3.252672446060951
-3.2506626321494227
-3.247497969878365
-3.2437002858813253
-3.2391548107244166
-3.2359087236138633
-3.2303212852152248
-3.2237863404141827
-3.2174136658292576
-3.213294855471239
-3.1957275865962944
-3.191690400971248
-3.1842691666948664
-3.1760745168575735
-3.1692224683431376
-3.156151007314369
-3.143341163506335
-3.137889529652532
-3.129204514186327
-3.119868250844503
-3.1118072734179547
-3.1013909508345114
-3.0974163757672204
-3.0892214621580294
-3.081875054431086
-3.0766188881233982
-3.074282299292095
-3.002276635824219
-2.999003702560548
-2.9930445656057434
-2.98541122265633
-2.978052289561581
-2.963205118535527
-2.96031083166991
-2.951379961711469
-2.9413362734612987
-2.931759545040185
-2.925172548280686
-2.908912783633699
-2.903327875124464
-2.895151035727072
-2.8876956297392993
-2.883024326229214
-2.856203978977814
-2.8189149224769494
-2.81609880560475
-2.8099951779564605
-2.8019800350938056
-2.793921421161053
-2.7853769246582365
-2.780121128695796
-2.7714282246149464
-2.7624895915677454
-2.754781871779597
-2.750448372182986
-2.726419126728778
-2.7233394198840917
-2.716722474227174
-2.7094292194175504
-2.703007611492248
-2.69761091676203
-2.6874883359792867
-2.683613514033689
-2.678244959445285
-2.6731220155815976
-2.6691319360544297
-2.6651855456901465
-2.6632163024006847
-2.6603835126584596
-2.658176751666009
-2.6568034422471882
-2.6562462568051433
-2.068781749015551
-2.067859586916292
-2.0660714869874606
-2.0635679715687236
-2.061007389304263
-2.054641803825882
-2.0525462422414984
-2.048040110502862
-2.042535095385611
-2.037020698336885
-2.033370066369302
-2.019530641239212
-2.0145362132960063
-2.007347872896707
-1.9999399212813183
-1.9944405994431238
-1.9692359324713795
-1.9592407929650613
-1.9541518935622895
-1.9452836491852468
-1.935189214941044
-1.9261103280019478
-1.9134312536967641
-1.908950268076387
-1.8987054667862093
-1.8888218647373094
-1.881058147387994
-1.8772905261493424
-1.8228749121271626
-1.818074091614439
-1.8095454914549745
-1.799148111269501
-1.7894301188793786
-1.7721707177364352
-1.7670358382046127
-1.7568770984748614
-1.7450692885888364
-1.7338463193381966
-1.725907626501625
-1.7097963558171172
-1.704538257966384
-1.6964837018667165
-1.6897322067740672
-1.6858693210829454
-1.6644475117858857
-1.538661505013107
-1.5364637422256018
-1.5312275290711452
-1.5234258624314583
-1.5144140918460884
-1.506992859934713
-1.4979118917854057
-1.4872466240144249
-1.475063972927142
-1.463611394417983
-1.4564095321065356
-1.4273110905608581
-1.4221566055827268
-1.4103774780926583
-1.3975859994674815
-1.3858143238824248
-1.3806470056009916
-1.3515983705483556
-1.3444327828034508
-1.333025566146766
-1.3209044637784082
-1.3102921965859515
-1.3012979217907228
-1.293975141682834
-1.2851230267427196
-1.2775086024308595
-1.2724390367494351
-1.2702839122124676
-1.2358442905849536
-1.2357417515810538
-1.2356913318034601
-1.2355515285976468
-1.2352457992479877
-1.2344264739970205
-1.2342335528800799
-1.2337245804330719
-1.2330327504019423
-1.2323328157212732
-1.2318883470061863
-1.2300000337676866
-1.229206142706821
-1.228131175131107
-1.2270457662913588
-1.2262626618568953
-1.2208423080530606
-1.2204679722516154
-1.2194051715940268
-1.217880770166827
-1.2162233828483984
-1.2149132222287995
-1.2122838400731741
-1.211004368793239
-1.2092286392723726
-1.2075374669775774
-1.2063244804595223
-1.2057952864527948
-1.193768064850963
-1.1925028130243474
-1.190455746721877
-1.1881054397510424
-1.186109856344376
-1.1811325480309585
-1.1798031161598637
-1.1772840194555945
-1.1744242597851118
-1.171771910341543
-1.1701467971173793
-1.1655699014419194
-1.163642518148341
-1.1614130347628016
-1.1595996460853517
-1.1585754337719418
-1.1433955373365787
-1.1224752015937738
-1.1217959630086
-1.1210574158509259
-1.1199319940352523
-1.1185992564406388
-1.1176961269658716
-1.1148249890291833
-1.1122271122070235
-1.1118109032304642
-1.107076500076845
-1.1048811090950295
-1.103839657336173
-1.1009217052622426
-1.0984951106651604
-1.0970592505115706
-1.0936153608575714
-1.0917683173930075
-1.0824326678589784
-1.0797463056136636
-1.076835938767253
-1.0746727125435607
-1.0726774605271685
-1.068242456352202
-1.0648474592355883
-1.0633559038653713
-1.053331128001967
-1.0524427097496756
-1.0516611308477841
-1.0487746502045716
-1.0443528295843751
-1.0416933865045657
-1.0400198200627133
-1.0368548701229015
-1.0364861583986709
-1.0311943113631514
-1.029448138596091
-1.0266364387584093
-1.0242202860741991
-1.0226584740590274
-1.0220598996729615
-1.0191256271156126
-1.0097145217934047
-0.9993526625673264
-0.9907756741620393
-0.985914781234594
-0.9440903643561551
-0.9415519979966261
-0.9376651039608256
-0.9338303600069869
-0.9308607447282343
-0.9258508475685037
-0.922321673905648
-0.9191743415561736
-0.9172454784932133
-0.9162015975362239
-0.913539949448564
-0.907169618168585
-0.9064458567523495
-0.9020926746812509
-0.9005279072885907
-0.8965918387052151
-0.893399109829524
-0.887009709410415
-0.882722246344108
-0.8813956737909765
-0.8767699117079479
-0.873349849905172
-0.8714306777632294
-0.8678461294825203
-0.8635376380274806
-0.8551895501553937
-0.8510837457065138
-0.8422726008389629
-0.8361182557942992
-0.8350328955879374
-0.8318174601398517
-0.8263741195474275
-0.82019948276547
-0.8151177189338377
-0.8146817677624654
-0.8095315461598488
-0.8058462418341812
-0.802814284329788
-0.80146016746493
-0.7961905780211186
-0.7950438996291449
-0.7905883292905027
-0.7899303550400548
-0.7859556805166567
-0.784089605067125
-0.7758849176723751
-0.7725594854968353
-0.7675309506150283
-0.7624394445852244
-0.7583842700124612
-0.7558120032828413
-0.7545379370064229
-0.7514024247211337
-0.7489601189852629
-0.7484709689206812
-0.7430348628535017
-0.7425818122902721
-0.7400758717774264
-0.7396877386887214
-0.736229369619334
-0.7320691868328263
-0.7212287175492565
-0.7187946050284895
-0.7139378356722883
-0.7086491017391782
-0.7039981413691839
-0.7012159439820815
-0.6947340257076134
-0.6922009628257325
-0.6894804600938494
-0.6874605322483096
-0.6864006064398686
-0.5067837068622607
-0.4562683534969294
-0.4554550568045067
-0.45348033232407303
-0.45037632036608743
-0.44666212638481106
-0.4421803731787824
-0.4390455960336297
-0.4335305909869662
-0.42712979316403565
-0.4209112348701196
-0.41693971545655034
-0.3994694702942292
-0.3955387726897934
-0.3883148432486969
-0.38034549803911943
-0.37371389593430493
-0.36076598880457666
-0.3482208350433398
-0.34288946231113293
-0.3345056945895051
-0.32550878739974287
-0.31781057496177834
-0.30768456635604974
-0.3040457135288653
-0.2961734597988599
-0.2892545776909401
-0.2843707888432479
-0.28228309635476306
-0.21009311375020676
-0.20711608660807698
-0.2017397499289144
-0.19488215875942583
-0.1883191154329067
-0.17444252797394716
-0.17213611379582022
-0.16430666305932728
-0.1557794409904893
-0.15478181268277938
-0.15431038320330334
-0.1531074003836365
-0.1510694807477425
-0.14896344881722334
-0.1473773759774389
-0.14688012830831493
-0.14340461763486617
-0.1422411039601709
-0.13980249613215792
-0.13543623680298555
-0.13096632384690068
-0.12980794338790053
-0.12800644003521244
-0.12524967867844367
-0.12026499794464542
-0.11992643487955003
-0.11669921962863043
-0.11404145009578934
-0.10831643482785258
-0.10486538654651655
-0.10026293016348475
-0.09567495286114998
-0.09278994868611763
-0.07584031698681551
-0.07301834956156104
-0.06953423864160617
-0.0648263310531858
-0.060332170790661756
-0.057002421105635005
-0.0509522635795604
-0.048509298114827994
-0.04695789398800222
-0.046678336756371994
-0.0447484463588251
-5.539612675539065e-11
5.539816596978141e-11
0.0447484463588255
0.046678336756373506
0.04695789398800339
0.04850929811482773
0.050952263579560064
0.057002421105635546
0.06033217079066111
0.06482633105318536
0.06953423864160556
0.07301834956156174
0.07584031698681659
0.09278994868611802
0.09567495286115056
0.10026293016348564
0.1048653865465168
0.10831643482785261
0.11404145009579054
0.11669921962863132
0.1199264348795496
0.12026499794464615
0.12524967867844383
0.12800644003521305
0.1298079433879024
0.1309663238469019
0.13543623680298555
0.1398024961321578
0.14224110396017156
0.14340461763486592
0.14688012830831493
0.14737737597743888
0.1489634488172238
0.151069480747743
0.15310740038363738
0.1543103832033038
0.15478181268277943
0.15577944099049035
0.16430666305932728
0.17213611379582175
0.17444252797394832
0.1883191154329067
0.1948821587594245
0.20173974992891397
0.20711608660807637
0.2100931137502071
0.2822830963547649
0.2843707888432476
0.28925457769093876
0.296173459798859
0.3040457135288658
0.3076845663560489
0.3178105749617792
0.32550878739974154
0.3345056945895051
0.34288946231113204
0.34822083504334245
0.3607659888045762
0.3737138959343054
0.38034549803911855
0.38831484324869736
0.3955387726897932
0.39946947029422963
0.4169397154565524
0.4209112348701187
0.42712979316403343
0.4335305909869662
0.4390455960336313
0.4421803731787808
0.44666212638481273
0.450376320366087
0.45348033232407264
0.4554550568045066
0.45626835349693146
0.5067837068622629
0.6864006064398692
0.68746053224831
0.6894804600938502
0.6922009628257328
0.6947340257076138
0.7012159439820829
0.7039981413691843
0.7086491017391778
0.7139378356722879
0.7187946050284891
0.7212287175492579
0.7320691868328257
0.7362293696193336
0.739687738688722
0.7400758717774275
0.7425818122902735
0.7430348628535013
0.7484709689206812
0.7489601189852622
0.7514024247211337
0.7545379370064235
0.7558120032828421
0.7583842700124623
0.7624394445852247
0.7675309506150287
0.7725594854968367
0.7758849176723759
0.7840896050671258
0.7859556805166577
0.7899303550400548
0.7905883292905026
0.7950438996291448
0.7961905780211194
0.8014601674649304
0.802814284329788
0.8058462418341823
0.8095315461598478
0.8146817677624655
0.8151177189338384
0.8201994827654708
0.826374119547427
0.8318174601398511
0.8350328955879385
0.8361182557942999
0.8422726008389634
0.8510837457065157
0.8551895501553921
0.8635376380274811
0.8678461294825213
0.8714306777632297
0.8733498499051723
0.8767699117079495
0.8813956737909776
0.8827222463441091
0.8870097094104152
0.8933991098295233
0.8965918387052154
0.9005279072885914
0.902092674681252
0.9064458567523501
0.9071696181685865
0.9135399494485633
0.916201597536225
0.9172454784932135
0.919174341556174
0.9223216739056483
0.925850847568503
0.9308607447282348
0.9338303600069874
0.9376651039608261
0.9415519979966261
0.944090364356155
0.9859147812345945
0.9907756741620388
0.9993526625673246
1.0097145217934034
1.0191256271156133
1.022059899672962
1.0226584740590277
1.0242202860741991
1.026636438758409
1.0294481385960907
1.0311943113631512
1.036486158398672
1.0368548701229021
1.0400198200627138
1.0416933865045719
1.0443528295843756
1.0487746502045716
1.0516611308477848
1.0524427097496774
1.0533311280019673
1.063355903865372
1.0648474592355894
1.0682424563522015
1.0726774605271683
1.074672712543563
1.0768359387672528
1.0797463056136645
1.0824326678589786
1.091768317393008
1.0936153608575716
1.0970592505115702
1.0984951106651608
1.100921705262243
1.103839657336173
1.1048811090950297
1.1070765000768452
1.1118109032304646
1.1122271122070244
1.114824989029184
1.1176961269658718
1.1185992564406404
1.1199319940352521
1.1210574158509268
1.1217959630086005
1.122475201593774
1.1433955373365787
1.158575433771942
1.1595996460853524
1.1614130347628016
1.1636425181483412
1.1655699014419194
1.17014679711738
1.1717719103415432
1.1744242597851118
1.1772840194555942
1.1798031161598637
1.1811325480309591
1.1861098563443757
1.1881054397510424
1.1904557467218777
1.1925028130243474
1.1937680648509628
1.205795286452795
1.2063244804595223
1.207537466977577
1.209228639272372
1.2110043687932388
1.2122838400731741
1.2149132222287997
1.2162233828483986
1.217880770166827
1.219405171594027
1.2204679722516154
1.2208423080530604
1.226262661856895
1.227045766291359
1.2281311751311077
1.2292061427068213
1.2300000337676864
1.2318883470061868
1.232332815721274
1.2330327504019427
1.2337245804330728
1.2342335528800803
1.2344264739970217
1.2352457992479866
1.2355515285976468
1.2356913318034601
1.2357417515810496
1.2358442905849534
1.2702839122124676
1.2724390367494347
1.2775086024308586
1.2851230267427192
1.2939751416828322
1.301297921790722
1.3102921965859529
1.3209044637784078
1.333025566146766
1.3444327828034512
1.3515983705483574
1.3806470056009927
1.385814323882426
1.3975859994674815
1.4103774780926588
1.4221566055827277
1.4273110905608584
1.4564095321065373
1.4636113944179843
1.4750639729271424
1.487246624014427
1.4979118917854075
1.506992859934713
1.5144140918460902
1.5234258624314596
1.531227529071146
1.5364637422256022
1.5386615050131083
1.6644475117858835
1.6858693210829467
1.6897322067740692
1.6964837018667156
1.7045382579663855
1.7097963558171188
1.7259076265016295
1.7338463193381943
1.745069288588835
1.7568770984748605
1.767035838204614
1.7721707177364348
1.789430118879379
1.799148111269501
1.8095454914549736
1.8180740916144407
1.8228749121271641
1.877290526149343
1.8810581473879946
1.8888218647373094
1.8987054667862093
1.9089502680763877
1.9134312536967641
1.9261103280019491
1.9351892149410457
1.9452836491852472
1.9541518935622908
1.9592407929650637
1.9692359324713786
1.9944405994431254
1.9999399212813196
2.007347872896707
2.0145362132960067
2.0195306412392138
2.0333700663693035
2.037020698336886
2.0425350953856127
2.048040110502863
2.0525462422414997
2.0546418038258842
2.0610073893042653
2.0635679715687245
2.066071486987461
2.0678595869162932
2.068781749015552
2.6562462568051446
2.656803442247189
2.6581767516660104
2.660383512658461
2.6632163024006865
2.665185545690149
2.6691319360544314
2.6731220155815985
2.678244959445286
2.6836135140336905
2.6874883359792885
2.6976109167620312
2.703007611492249
2.709429219417551
2.7167224742271743
2.723339419884093
2.7264191267287794
2.750448372182988
2.7547818717795987
2.762489591567748
2.771428224614948
2.780121128695798
2.7853769246582383
2.793921421161053
2.8019800350938056
2.8099951779564623
2.816098805604751
2.8189149224769507
2.8562039789778164
2.8830243262292146
2.8876956297393006
2.8951510357270704
2.9033278751244644
2.9089127836337005
2.9251725482806874
2.9317595450401868
2.941336273461298
2.951379961711467
2.960310831669911
2.9632051185355284
2.9780522895615826
2.9854112226563316
2.993044565605744
2.99900370256055
3.0022766358242206
3.0742822992920953
3.076618888123399
3.081875054431088
3.089221462158029
3.097416375767221
3.101390950834513
3.1118072734179547
3.1198682508445033
3.129204514186327
3.137889529652533
3.143341163506335
3.1561510073143686
3.169222468343138
3.1760745168575744
3.1842691666948677
3.1916904009712486
3.195727586596295
3.21329485547124
3.2174136658292594
3.2237863404141844
3.2303212852152257
3.235908723613865
3.239154810724418
3.243700285881326
3.2474979698783657
3.2506626321494245
3.2526724460609513
3.253482077748523
3.304988108544507
3.4846635213652584
3.4857439883532697
3.4877997601963147
3.4905655973754444
3.493142585563664
3.4998190552642834
3.5026679617588194
3.5074111226507556
3.512810945696874
3.5177406584007453
3.5201816386328564
3.532178928392317
3.5370583817575847
3.5430991964913083
3.5487176615011755
3.5524442371283333
3.580139794620324
3.582371714705169
3.5871116575152997
3.5932979064814896
3.599596665743867
3.6036180960663016
3.6131704927974346
3.6185123755283883
3.6249927983468835
3.630887598238764
3.6348430656621185
3.635687614057423
3.6658449959553954
3.6694699363841
3.6749137333871142
3.680709366695338
3.685227731591491
3.6968329544475993
3.699988277309033
3.705229571169742
3.7108305246645426
3.7157159152182344
3.718383365367779
3.726103823621547
3.7292744221228227
3.732628563567108
3.7351674172696514
3.736526857286859
3.821023828977764
3.821695790617854
3.8233047496581527
3.8257715567890602
3.828691757845535
3.8305381929007667
3.835998568858192
3.8392897087738818
3.843636100514727
3.8480751243171056
3.8516886133730144
3.852641091300284
3.8642102075631106
3.867672250764029
3.872061041032381
3.876256804199663
3.879193597031994
3.891257432130359
3.893179530911045
3.896691200963696
3.90072627741564
3.9044752294317435
3.906472130896922
3.9115867396224555
3.9143212020663967
3.9172180325866908
3.9194569995310258
3.920598081329158
3.921381907036061
3.9582754299866014
3.959301261004054
3.9611184537619324
3.9633513252196706
3.965281673305613
3.9699008455382763
3.971523749072423
3.974171948304205
3.9770286047993713
3.979542952866006
3.9808815699684934
3.9858988203748846
3.9878911177653777
3.990239261023964
3.9922842103440774
3.9935476153330787
4.005748603968547
4.006260537665172
4.007466948145507
4.009156078824223
4.0109341852487885
4.012223820593381
4.014860499609633
4.016165900173166
4.017826341668008
4.019355261896248
4.02042439360784
4.020811597800979
4.026285489413066
4.027074303731239
4.028171824100992
4.029264282932295
4.030079152500423
4.032078433560439
4.032500334399275
4.03322870074987
4.033980814559184
4.034607022524668
4.034954649473966
4.035787058023373
4.036104486749431
4.0364274300215675
4.036660035231149
4.036780107092115
