-2.636758338523105
-2.6367556326136783
-2.636398617532295
-2.6363975793374697
-2.6357570534005084
-2.635743092483187
-2.63448797498677
-2.6344862853453876
-2.6338178050442966
-2.6338116915320775
-2.632787943179781
-2.632784718793085
-2.630289170959724
-2.6302739094412226
-2.6284294406588127
-2.6284167536561864
-2.626787290100603
-2.6267811858019368
-2.6236605094347034
-2.623644960886107
-2.6201379741494235
-2.620123518397195
-2.6176845459260414
-2.617673349615949
-2.6152641963877525
-2.615248861948601
-2.6118632357831593
-2.61184638464278
-2.6094587954387616
-2.60943934611452
-2.6067676406744416
-2.6067660420404257
-2.6008722282379155
-2.6007915499641867
-2.5929928665631996
-2.5929804658921185
-2.589878117238425
-2.5898711219658908
-2.5855214313100054
-2.5854730788701676
-2.578787115388579
-2.578778261512513
-2.5751525894737948
-2.5751030808238946
-2.57230796019171
-2.572279947219856
-2.565688167269004
-2.56560050515711
-2.5615352625342185
-2.56152256215507
-2.558702064623677
-2.5586775737404173
-2.5216269447231414
-2.5214850528868324
-2.52097972115675
-2.520855152833861
-2.5171623081113936
-2.517025646653156
-2.5112243712604947
-2.511171189634245
-2.504308044057131
-2.5042511829460885
-2.500398017824231
-2.500387711684423
-2.4949235948972888
-2.4948308208711687
-2.480193725922255
-2.479972347478741
-2.4736696640722817
-2.473147271020969
-2.4671330387500787
-2.4669883097564904
-2.4589076871249342
-2.458785704843112
-2.451631625565596
-2.4510475079741663
-2.4435721900743865
-2.4434454285246354
-2.436604608448758
-2.436526871194203
-2.429904330733901
-2.429801154657249
-2.4265362874969565
-2.4264301716657988
-2.4226687053631544
-2.4226430107342343
-2.4027462671066195
-2.4013752316924
-2.3362890396766502
-2.3362825094121935
-2.332392208517541
-2.3323781647734414
-2.325749288056248
-2.3257047478944197
-2.3146673156554023
-2.314626106905833
-2.308652234375187
-2.3086056408507387
-2.302133636649274
-2.3020881317059088
-2.286256342722894
-2.2862540459588687
-2.2762248989433136
-2.276191058352074
-2.267657917550191
-2.2676103342612293
-2.241660759574598
-2.2411543877975624
-2.2347785232089032
-2.234776018947871
-2.2248356864319634
-2.2247312748636734
-2.2135116301541933
-2.213384332120561
-2.201280527055812
-2.201058600317403
-2.1943851943442496
-2.194363703332868
-2.1849164484983166
-2.184835044907156
-2.159610532795314
-2.159122137484271
-2.149626408195001
-2.149446423741948
-2.141941610183316
-2.1419072275399507
-2.1311417484660344
-2.1310129585153614
-2.116660195198439
-2.1166572717522003
-2.1087860561438254
-2.108692446533189
-2.1040604463669417
-2.103962600813753
-2.0940809888461
-2.093981266379343
-2.0887611401491304
-2.088737534034431
-2.0855620715184546
-2.085538889947733
-1.9059204080123777
-1.9054312542378868
-1.852804740614442
-1.8523139052601183
-1.850148954130766
-1.8493887353730336
-1.8432470788334763
-1.8429969066501573
-1.8377122996006416
-1.8373157565060378
-1.8259903903052925
-1.825825430639351
-1.8198232948760624
-1.8197304195867616
-1.7979502089350228
-1.796784199179088
-1.7893364402328895
-1.7859448402287912
-1.7737140351795804
-1.7711851581522835
-1.7570029941595762
-1.7563992882681962
-1.7445187253629406
-1.7390360292224223
-1.7310588552690847
-1.7279496487670134
-1.7107276236603919
-1.7104925253101735
-1.699562583237331
-1.6994014330627913
-1.690074906565875
-1.6883626484376637
-1.6812616529115874
-1.6794481222049902
-1.606560674930576
-1.604136924181511
-1.5990654821506103
-1.5964486792229757
-1.5907817805230138
-1.5888193307661378
-1.5760828527491046
-1.5739265983061792
-1.560852239999971
-1.5607159766952052
-1.5439770002536353
-1.5424051200135604
-1.5341067938250361
-1.5312226710143118
-1.5115069102346046
-1.5100637111256145
-1.499165176109406
-1.4978411459162355
-1.4862956538857262
-1.4857835066093286
-1.458658021570803
-1.4571845496130047
-1.4171597736971626
-1.4138955785866476
-1.4117078182835607
-1.4063495799750747
-1.3934559558563462
-1.3930712797534452
-1.3837039070469919
-1.382775686175497
-1.3700091697597294
-1.3643037510584137
-1.3620469484500544
-1.3569092887070289
-1.3303098777445261
-1.3280484927293499
-1.3245457616070033
-1.3180715424802512
-1.3089336537726033
-1.3047999738787155
-1.2996150035098288
-1.2976301929283678
-1.2876324665604384
-1.2872694772584805
-1.280172784986204
-1.2794517709911695
-1.270468003588967
-1.26978345354986
-1.2663419352160292
-1.2658897811072731
-1.2623126576157977
-1.2615177069070203
-1.2599913376703702
-1.2588769208274087
-0.749962034692889
-0.7051308181869631
-0.672822929905207
-0.6721692331363031
-0.6700864676422454
-0.6697878464502378
-0.6653097374051922
-0.6619832926944738
-0.65505654819951
-0.6546827093066372
-0.6502965108058505
-0.6465713668003623
-0.6439835981631318
-0.6414442953338088
-0.6266907097073644
-0.6214405682959478
-0.6141894282326876
-0.6097730350745962
-0.5980616171257523
-0.5976140290571589
-0.5759538334718548
-0.5689053836324298
-0.5612767458868035
-0.5610089249580478
-0.548871944866241
-0.5486260873670208
-0.5298957113640372
-0.5266714873500584
-0.515688436388335
-0.5126233462841742
-0.5033583528057031
-0.5007191708478588
-0.4903851868716906
-0.4903493360810219
-0.43570685721424685
-0.4312727569090864
-0.4264890758429458
-0.4216247620682352
-0.408631070464454
-0.3959059415409124
-0.39540288586227407
-0.3801438207462289
-0.37892674499054946
-0.37212468719490355
-0.358939120581244
-0.3510503040864141
-0.34885732419365084
-0.3296944548704208
-0.32669149272935716
-0.31719866739733954
-0.316116413188583
-0.30145403857549447
-0.2984001957216041
-0.2957528789746094
-0.28857150753598226
-0.25575830661948107
-0.1552802622066225
-0.1522943927359237
-0.14767168179903445
-0.14137150767009965
-0.13230396412684398
-0.12946623503583155
-0.12453035644460846
-0.12241018689349581
-0.11684055103450319
-0.11032620212711253
-0.09777290785035886
-0.08168699936419577
-0.07639673627538389
-0.07504110320650444
-0.06849697975721991
-1.8902594770393648e-6
1.8902594764924322e-6
0.06849697975722124
0.0750411032065042
0.07639673627538404
0.08168699936419621
0.09777290785035975
0.11032620212711342
0.11684055103450275
0.12241018689349552
0.12453035644460764
0.1294662350358302
0.13230396412684398
0.14137150767009965
0.1476716817990349
0.1522943927359246
0.15528026220662428
0.2557583066194793
0.2885715075359827
0.29575287897460933
0.29840019572160426
0.30145403857549447
0.3161164131885829
0.3171986673973382
0.3266914927293576
0.32969445487042126
0.34885732419365095
0.3510503040864145
0.358939120581244
0.3721246871949049
0.3789267449905496
0.38014382074623065
0.39540288586227396
0.39590594154091224
0.40863107046445446
0.4216247620682352
0.42648907584294804
0.4312727569090864
0.4357068572142482
0.49034933608102177
0.4903851868716905
0.5007191708478587
0.5033583528057033
0.5126233462841738
0.5156884363883352
0.5266714873500575
0.5298957113640372
0.5486260873670212
0.5488719448662415
0.5610089249580481
0.5612767458868037
0.5689053836324298
0.5759538334718557
0.5976140290571594
0.5980616171257527
0.6097730350745967
0.614189428232689
0.6214405682959474
0.6266907097073635
0.64144429533381
0.6439835981631314
0.6465713668003623
0.6502965108058509
0.654682709306637
0.6550565481995092
0.6619832926944746
0.665309737405192
0.669787846450238
0.6700864676422447
0.6721692331363033
0.6728229299052071
0.7051308181869618
0.7499620346928886
1.258876920827409
1.2599913376703702
1.2615177069070203
1.262312657615798
1.2658897811072733
1.2663419352160301
1.2697834535498609
1.2704680035889682
1.2794517709911701
1.2801727849862043
1.2872694772584805
1.2876324665604386
1.2976301929283682
1.29961500350983
1.3047999738787157
1.3089336537726028
1.3180715424802514
1.3245457616070038
1.3280484927293503
1.3303098777445264
1.3569092887070286
1.362046948450055
1.3643037510584137
1.3700091697597285
1.3827756861754958
1.3837039070469905
1.393071279753444
1.393455955856345
1.4063495799750727
1.4117078182835612
1.4138955785866483
1.4171597736971633
1.4571845496130054
1.4586580215708036
1.4857835066093295
1.486295653885727
1.497841145916236
1.4991651761094065
1.510063711125615
1.5115069102346053
1.5312226710143118
1.5341067938250355
1.5424051200135611
1.5439770002536357
1.560715976695206
1.5608522399999716
1.5739265983061796
1.5760828527491053
1.5888193307661385
1.5907817805230138
1.5964486792229755
1.5990654821506114
1.6041369241815113
1.6065606749305765
1.67944812220499
1.6812616529115871
1.6883626484376637
1.6900749065658747
1.6994014330627898
1.6995625832373298
1.7104925253101742
1.7107276236603925
1.7279496487670136
1.7310588552690844
1.7390360292224205
1.7445187253629397
1.7563992882681958
1.7570029941595746
1.7711851581522837
1.7737140351795806
1.7859448402287905
1.7893364402328895
1.796784199179088
1.7979502089350228
1.8197304195867612
1.8198232948760615
1.8258254306393507
1.825990390305292
1.837315756506038
1.8377122996006419
1.842996906650157
1.843247078833476
1.8493887353730327
1.8501489541307652
1.852313905260118
1.852804740614442
1.905431254237888
1.9059204080123788
2.0855388899477334
2.0855620715184555
2.0887375340344305
2.08876114014913
2.0939812663793433
2.0940809888461
2.1039626008137535
2.104060446366942
2.1086924465331895
2.108786056143826
2.1166572717522003
2.116660195198439
2.131012958515362
2.1311417484660344
2.1419072275399507
2.141941610183316
2.149446423741948
2.149626408195001
2.1591221374842693
2.1596105327953126
2.184835044907157
2.184916448498318
2.1943637033328676
2.194385194344249
2.2010586003174035
2.2012805270558125
2.213384332120561
2.2135116301541933
2.224731274863674
2.224835686431964
2.23477601894787
2.2347785232089024
2.241154387797561
2.241660759574597
2.2676103342612297
2.267657917550191
2.2761910583520746
2.276224898943314
2.2862540459588683
2.2862563427228935
2.3020881317059096
2.302133636649275
2.3086056408507387
2.3086522343751867
2.314626106905834
2.314667315655403
2.325704747894419
2.325749288056247
2.332378164773441
2.3323922085175406
2.3362825094121944
2.336289039676651
2.401375231692399
2.4027462671066186
2.422643010734235
2.4226687053631553
2.426430171665799
2.426536287496957
2.429801154657249
2.429904330733901
2.436526871194203
2.4366046084487576
2.4434454285246354
2.4435721900743874
2.4510475079741663
2.451631625565596
2.458785704843112
2.4589076871249342
2.46698830975649
2.4671330387500787
2.473147271020969
2.4736696640722817
2.4799723474787405
2.4801937259222546
2.4948308208711696
2.4949235948972897
2.500387711684423
2.500398017824231
2.504251182946089
2.5043080440571313
2.5111711896342452
2.5112243712604956
2.517025646653156
2.517162308111394
2.52085515283386
2.5209797211567486
2.521485052886832
2.521626944723141
2.5586775737404173
2.558702064623677
2.56152256215507
2.561535262534219
2.5656005051571085
2.5656881672690033
2.5722799472198568
2.5723079601917105
2.5751030808238946
2.5751525894737948
2.5787782615125137
2.5787871153885793
2.5854730788701663
2.585521431310004
2.5898711219658908
2.589878117238425
2.5929804658921194
2.5929928665632005
2.600791549964183
2.6008722282379115
2.606766042040427
2.606767640674443
2.609439346114521
2.6094587954387625
2.61184638464278
2.6118632357831593
2.6152488619486007
2.615264196387752
2.617673349615949
2.6176845459260414
2.620123518397196
2.6201379741494244
2.6236449608861054
2.6236605094347016
2.626781185801937
2.6267872901006033
2.6284167536561873
2.6284294406588136
2.630273909441222
2.6302891709597236
2.632784718793085
2.632787943179781
2.6338116915320775
2.6338178050442966
2.634486285345387
2.6344879749867696
2.635743092483186
2.6357570534005075
2.6363975793374705
2.6363986175322958
2.6367556326136783
2.636758338523105
