-2.636846446411754
-2.636843876776943
-2.6367958371625666
-2.6367940843877444
-2.6367078920787503
-2.6367065788729636
-2.636539753083538
-2.6365363471527274
-2.6364591165282616
-2.636447468724831
-2.636295191285647
-2.6362883952289424
-2.635982540541014
-2.635975325871767
-2.635743863310256
-2.635740802202476
-2.6355814875458026
-2.6355775981534895
-2.6353496368075557
-2.635343122755502
-2.6345113527883974
-2.634508802996457
-2.634232815310069
-2.634229224438319
-2.634007603332835
-2.634005078872082
-2.633517980756207
-2.6335144911444726
-2.6330566357587237
-2.6330524069931327
-2.632708530460283
-2.632706744874979
-2.632570104785437
-2.632568092717315
-2.630742997685855
-2.6307337377733053
-2.6302905881291867
-2.6302875545758035
-2.629728404212711
-2.6297174926222873
-2.628805803209292
-2.6287972114429765
-2.628492832572985
-2.6284604405248047
-2.627868252389724
-2.6278502972146978
-2.627058794347255
-2.627052391283212
-2.6264790905697692
-2.6264763530018658
-2.626154627892283
-2.626153373336775
-2.62580845905542
-2.6258071921575605
-2.620383368404177
-2.6203795702924984
-2.620010977281643
-2.6199923029134307
-2.619630861215497
-2.6196210540495355
-2.6187645589987194
-2.6187580018854204
-2.6178125533523544
-2.6177969790907327
-2.6169630525445267
-2.6169496427604977
-2.6165366123486975
-2.6165351367625234
-2.6144833094631976
-2.6144793704245024
-2.6135202164000115
-2.61351583762627
-2.612504178331593
-2.6124999349788176
-2.6105148852095335
-2.6105147612294983
-2.610098735806478
-2.6100871292424572
-2.609173799347226
-2.609153966073084
-2.6080133978151325
-2.60800441927178
-2.6071309489829773
-2.6071191537127776
-2.6067378074507483
-2.6067227124239096
-2.6063347394449576
-2.606334663928726
-2.594761872244487
-2.594751368512626
-2.5941205830827
-2.594114536286467
-2.5935566162614307
-2.593554059649205
-2.5925171799649416
-2.5925090098301413
-2.5909268008161335
-2.5909129425572126
-2.5898211575350722
-2.5897857466931002
-2.589066974914357
-2.589055488538
-2.5868305500248168
-2.586802764667323
-2.5853918348224183
-2.585384188401543
-2.5841695412095333
-2.5841425935701268
-2.5795262533643974
-2.579524412831836
-2.5790817098509184
-2.579080488136856
-2.5777455431437573
-2.5777151724685043
-2.5760641382895795
-2.5760416168026947
-2.574245317507311
-2.574222203612889
-2.573315531050691
-2.573278378911281
-2.5720394448084707
-2.5720331924476216
-2.5680897779486576
-2.568086036009825
-2.566909718723514
-2.5668981718656543
-2.5658840209862994
-2.565866794452923
-2.5643834178431786
-2.564329936836763
-2.562270407814623
-2.562227787343013
-2.561183930501829
-2.561110781306043
-2.5604964807306603
-2.560477573478153
-2.559103783801629
-2.5590898470884413
-2.558356611257735
-2.5583421842955723
-2.557918701090813
-2.5578956745333103
-2.5285031504211655
-2.5278647306078867
-2.5215840434063375
-2.5212737505495197
-2.5200610194468482
-2.519967046163446
-2.519449378009038
-2.519339525048552
-2.5183296116206484
-2.518220417868603
-2.517352893601063
-2.5172624140939006
-2.515676414847126
-2.515508341160724
-2.514271128452281
-2.51421595944853
-2.5114588986738964
-2.5114421140912477
-2.5098130383762998
-2.509764007245376
-2.507760140760542
-2.5077270104181135
-2.5037900106701514
-2.5036937803758645
-2.5021678253498125
-2.5019377047158486
-2.500671667169243
-2.500580228369116
-2.4977520870612904
-2.4976698532068062
-2.495767916062764
-2.495651092379997
-2.4943031385260483
-2.4942704187189952
-2.49338456926207
-2.49331930764155
-2.481489436299559
-2.481317404424042
-2.4798845398697664
-2.4798518056189303
-2.4779391701694147
-2.4776300834479668
-2.4750873410921077
-2.4744544633951615
-2.473949041033061
-2.472843590968293
-2.471040426092044
-2.470034842194191
-2.46826246844502
-2.4675386074605723
-2.465652514698401
-2.4653698357480676
-2.463697968302159
-2.4636925109131322
-2.462039469776809
-2.461835666481667
-2.452039796547052
-2.4515774260803584
-2.449731289385568
-2.44953438519136
-2.448402651410867
-2.448315836714002
-2.445644208920016
-2.4455670247843164
-2.443467011232712
-2.443354287515736
-2.44105018069035
-2.441040765332855
-2.4399016087890133
-2.4398530693140366
-2.434577501331292
-2.434557236629764
-2.432787763266629
-2.432758208127669
-2.4306592481071077
-2.430637022298183
-2.427998094786277
-2.427911678730839
-2.4269526127248744
-2.426926401012454
-2.4255255494205974
-2.4255011222536242
-2.4237164970308513
-2.423703214575131
-2.422856852521806
-2.4228398426875186
-2.422256240338215
-2.4222500196235632
-2.421788006247248
-2.421785926305621
-2.377634275549063
-2.3760354013464218
-2.337347733594363
-2.3373357264682353
-2.3367639442265897
-2.3367563404039746
-2.3357310707891794
-2.3357238143328822
-2.3337879439996447
-2.3337754595107496
-2.3328117702081723
-2.3327758804138736
-2.3312661176066105
-2.331233080997812
-2.3277990726218003
-2.32775727705769
-2.325317606303759
-2.325311349553318
-2.323345102257722
-2.3233243968621395
-2.320697210149042
-2.320658207852738
-2.3150831073526104
-2.3150562475994887
-2.3125038777271323
-2.312496477017426
-2.3103313925817783
-2.3103189155855164
-2.3067662644932567
-2.3067522022923455
-2.303947954416033
-2.3039339926373903
-2.3011121461423345
-2.3010857295533746
-2.2991530427085687
-2.2991037968818744
-2.289422679031651
-2.28940643474401
-2.286733153959485
-2.2867321824027353
-2.283309082117143
-2.2832883258554024
-2.2780342210688365
-2.2780105309579115
-2.2759503024846293
-2.275919968546316
-2.2733982926063967
-2.273386711454581
-2.268921304556671
-2.2689150790361454
-2.2661484890932657
-2.266139595726931
-2.2644493395029466
-2.2644455208793817
-2.260115007410186
-2.259908005093675
-2.235272137070022
-2.2352695815195
-2.2331033450119313
-2.2330243199597426
-2.2314656386661533
-2.2314256790114926
-2.228218374951369
-2.228190158595029
-2.225188281996786
-2.225166761955614
-2.2215692033548993
-2.2214363531670624
-2.219571292988766
-2.2195506454726224
-2.2123913473102728
-2.2123691594609523
-2.2090010110149843
-2.208994655843785
-2.2051866353638854
-2.205160941874679
-2.198261954776513
-2.1982275012730894
-2.196306018934108
-2.196291862024355
-2.1934182206897126
-2.1933861062910065
-2.188920795858326
-2.1889034147684527
-2.1859147405508415
-2.185908315974511
-2.1842898304936798
-2.184266537869444
-2.1828069262020855
-2.1828067932780355
-2.1551073972343553
-2.155089687648468
-2.1533998385068656
-2.153377085126687
-2.1514449646525846
-2.1514107030768845
-2.1486273930256514
-2.1485853312496084
-2.1451845476071907
-2.145135203966407
-2.141710779965308
-2.141636316030046
-2.1397264373475906
-2.1397112639326488
-2.134710917809918
-2.1346687812345384
-2.1314993002029263
-2.1314808848912707
-2.128728561993073
-2.128679643840188
-2.117681174945978
-2.117677184164891
-2.116487224278503
-2.1164801809256186
-2.114423847816457
-2.1143977480392255
-2.1109107582693967
-2.1108874092834355
-2.1075577961219105
-2.107539078637196
-2.1058925136639965
-2.105864378402969
-2.1039730627063666
-2.103972118531578
-2.0971966932231068
-2.0971544656298016
-2.0953222793174686
-2.095296181757114
-2.0939420036034653
-2.0939247698515397
-2.092088616928642
-2.092051153201964
-2.0896478095832105
-2.0896085138056066
-2.088237886636602
-2.0881593462564148
-2.087469394899928
-2.087445998171176
-2.0859935921398947
-2.0859840498644218
-2.085228241281237
-2.085215739442167
-2.08478183050012
-2.084763274674927
-1.9059204080123782
-1.9054312542378873
-1.8537992930647207
-1.8536849539819482
-1.8533178890645472
-1.8532653414845361
-1.8524375308620913
-1.8523499879742344
-1.851676277040728
-1.8515555587663126
-1.8498235906390343
-1.8494057318554764
-1.8486033806426148
-1.8484048634503303
-1.8447601196014465
-1.844751272665129
-1.8431144310128795
-1.8430177991573153
-1.8401619621027625
-1.8400484865851077
-1.8378691960640021
-1.8375723776795045
-1.8340611000755023
-1.8339728417756715
-1.830735893567353
-1.8306670772513272
-1.8266534718048708
-1.8264482653970089
-1.823846485222792
-1.8237292700034629
-1.8215341573947454
-1.8213320002181868
-1.818309333984814
-1.818280497287883
-1.8122205781700231
-1.810618266228941
-1.8005616374710445
-1.8002989018060236
-1.7980959069161446
-1.7978961615692788
-1.7941291636438286
-1.7934471502537628
-1.7896869060068916
-1.789090163427952
-1.7864061515033776
-1.7845607243229125
-1.7802392510064695
-1.7801295071710883
-1.7739364787815166
-1.7733111187883348
-1.7701327953883472
-1.7697563618728158
-1.7668329293046243
-1.7664677389956212
-1.7621122503825206
-1.7592388724990518
-1.7568991379078465
-1.7561668899498117
-1.7403636208882372
-1.7396293011034347
-1.737156329068693
-1.7364300147396863
-1.732512786441166
-1.7323934374207148
-1.7295154955819836
-1.7292230441532037
-1.7235598966981756
-1.722446551963306
-1.719611968856005
-1.7193965258641435
-1.710146501599802
-1.7101098412515003
-1.7068435372046373
-1.7066331715398857
-1.7014447362118705
-1.7011587932272902
-1.697771444351306
-1.696887807836946
-1.6917301005361904
-1.6913490438033372
-1.688626080972265
-1.6879438221090663
-1.683027746491749
-1.6829822599900246
-1.6810818407640247
-1.6806466835169127
-1.6787721396127224
-1.6784782870611588
-1.6772259968528564
-1.676907778451542
-1.6052338867158475
-1.6049884052995937
-1.603750673002771
-1.6035261708418567
-1.6015946937586043
-1.6014078135133394
-1.5986782690974484
-1.5980777639323784
-1.595866012488441
-1.5954013191242005
-1.591657993945481
-1.5907862202743719
-1.588203493356491
-1.5879888022178719
-1.5816560266233015
-1.5812382096279032
-1.577287803054227
-1.5770893954839151
-1.5728248378308864
-1.5722196397040298
-1.5616512244927097
-1.5616163244440675
-1.5560412117613374
-1.5557774578915053
-1.5528452948651732
-1.5527844939904032
-1.54601147513282
-1.5458512051276783
-1.54131598473496
-1.5411513062777793
-1.5371611800109728
-1.5371204137221122
-1.533778871940226
-1.533664663832137
-1.5175052670625606
-1.5170543607790017
-1.5138127242371067
-1.5134184720411534
-1.510174342864247
-1.5099877501956867
-1.5055652305285367
-1.5052853835663031
-1.5005415755446645
-1.5005268594205587
-1.4960292302374678
-1.4948315653228907
-1.4927596026106018
-1.4924324623923146
-1.4875711422892899
-1.4874418734153023
-1.4848354707123537
-1.4846361661529672
-1.4829347467390523
-1.4825986552914074
-1.4586577797118754
-1.4571844010837245
-1.419245496518693
-1.4186448344290543
-1.4181277103565233
-1.41763576012565
-1.4147784592463801
-1.4144210013400809
-1.4127402519851124
-1.4118553925402477
-1.4080497352175358
-1.4070528084735763
-1.4049194813365942
-1.4037181875181823
-1.3958782616783147
-1.3957619968789936
-1.3927917738590672
-1.392351768357519
-1.388023162521845
-1.3877310421985494
-1.3840802553700722
-1.3836412161365312
-1.381988236694253
-1.381897383067337
-1.3740070901932069
-1.372636049361521
-1.3692926519227144
-1.3677553697253282
-1.3644995910872193
-1.3640453030418371
-1.3615745192850082
-1.3613913342532236
-1.3571551368216044
-1.3563594728010795
-1.3548135662009375
-1.3540904467431305
-1.3317551608339864
-1.331352700198823
-1.3296891942579332
-1.3293529127486279
-1.3266926806155777
-1.325831674725133
-1.3240977911019156
-1.3221588135747315
-1.3202358155641816
-1.320003454513885
-1.312405551704775
-1.3115193153435514
-1.3072223808658032
-1.3067684679712113
-1.30493119067047
-1.3038847702881118
-1.302217460144921
-1.3017976281163166
-1.2996351406079125
-1.2996112586067636
-1.2987159769340586
-1.2972428409936358
-1.2859892076444264
-1.2857898708661346
-1.2840642789021137
-1.2838970952716329
-1.2813027973360274
-1.2812521709351097
-1.2794728468041245
-1.2793920116218584
-1.2762036563337713
-1.2757494029208236
-1.274343806947193
-1.2742545242219399
-1.2698141165790413
-1.2696208587435518
-1.2683747006833088
-1.268252598600176
-1.2662556567978114
-1.2662340378285661
-1.2651646724631975
-1.2646365932294614
-1.2631146181301973
-1.263013840103804
-1.261961318512539
-1.261353424767532
-1.2601061853292603
-1.2600022781777236
-1.2595137976572974
-1.2593042943028738
-1.259027521721108
-1.258750497295294
-1.2584330122104106
-1.2582993366729076
-0.7197183266302676
-0.6896509272101543
-0.6734820814331832
-0.6732587312797962
-0.6727412156964137
-0.6726048516671255
-0.672217364684883
-0.6720469335922582
-0.6715943233309629
-0.6714039802169117
-0.6710540610520164
-0.6701012464373811
-0.6680448790486615
-0.6676446247462684
-0.6659544731481251
-0.6645650342575149
-0.6635696248655022
-0.6634214330269411
-0.6619169522866141
-0.6617885140367133
-0.6598711327766471
-0.6556884680285328
-0.6552538958814327
-0.6545541388826536
-0.6527389292290386
-0.6518485073577935
-0.6499400628699279
-0.6496359612076316
-0.6466181656644594
-0.6464702238271295
-0.6449786936530809
-0.6445091525297538
-0.6421569111847747
-0.6417731685218594
-0.640185651247882
-0.6322198490258573
-0.628478225214685
-0.6273394111179788
-0.6245696373991003
-0.6244543291336706
-0.622542164950046
-0.6197969832545523
-0.61620828290669
-0.615059256896336
-0.6139482442532764
-0.6081992744541527
-0.6038472501690035
-0.6031085860754961
-0.5992481296394238
-0.599079164519727
-0.5962612454626938
-0.5958509493350986
-0.5938426090491044
-0.5934227590732689
-0.58173476797953
-0.5786329147078435
-0.5759194967576695
-0.5687635595624068
-0.559972324858943
-0.5592648397488509
-0.5569672799029192
-0.5559244478028408
-0.5523543999710182
-0.5516390627309251
-0.5490859341265317
-0.54860458403278
-0.5426122329403167
-0.5420779446528985
-0.5381835648010483
-0.5377608221860584
-0.5286307245188774
-0.5285560692734194
-0.5246365298441952
-0.5239424907531808
-0.5184074158914201
-0.5177361940233619
-0.5135078496471354
-0.5113838575303251
-0.5055405836567465
-0.5045938409340454
-0.5015640669387248
-0.5014251092798193
-0.49469165980121865
-0.4945892933923922
-0.49142485114226914
-0.49132203720404816
-0.48811989536239164
-0.487894444833392
-0.48615301680083817
-0.4858807532421732
-0.435159491973383
-0.4343957619302591
-0.4327986428598663
-0.4319800981985712
-0.4295934780218378
-0.4288683476781952
-0.42627900381686457
-0.4238368121843791
-0.4231517287192091
-0.4211182126458442
-0.41286895301099813
-0.40958862505597315
-0.4078139370777546
-0.4046907365291821
-0.4012797110296282
-0.3993900429397774
-0.3947253165202953
-0.3946785654963536
-0.3915215784143715
-0.38767915103797757
-0.3804754784747435
-0.3773721790165947
-0.36836980609458336
-0.36678331715711177
-0.3650999284525845
-0.3647874218469311
-0.358066556349263
-0.3575013908487061
-0.35421917532183744
-0.35260656702261556
-0.34810410393610935
-0.34794677567096105
-0.3453312390093664
-0.34465360246993465
-0.32996212308338574
-0.3280074356649281
-0.3241680581085081
-0.3231227579416428
-0.3204246056702871
-0.31859320056495616
-0.3172116831032939
-0.315775801028266
-0.31453412047318074
-0.3124321501178985
-0.3103335461963036
-0.300540355159455
-0.30044062237726743
-0.29939546164759395
-0.2983932472960681
-0.2978263170344136
-0.2966397210038594
-0.2965702723592263
-0.2950887410287484
-0.2942405382675514
-0.288571231701781
-0.25575830680564904
-0.15629676364052386
-0.15591036345415296
-0.1550573233568295
-0.1547041070581173
-0.15382807885297978
-0.15336363598847522
-0.14876497434971336
-0.14788928536349985
-0.1454925208342817
-0.14177203058140941
-0.13742696896524967
-0.13651127602951657
-0.13508702111335363
-0.13406698838400227
-0.1313821035547471
-0.1313229496167656
-0.1277026222292421
-0.12742794225668944
-0.1248947923890711
-0.12362093957771145
-0.12173540648902678
-0.12149674842557909
-0.11709043509409822
-0.1141879206107479
-0.11067824596803057
-0.10981557068521326
-0.10066092052109778
-0.10024004115749652
-0.0995043922695943
-0.09776271447746018
-0.09570565247199077
-0.09527627728941668
-0.0941853197161315
-0.0763980000387759
-0.07572444196159946
-0.07505050037067455
-0.07479904199270065
-0.07023355751515105
-0.06975973152207089
-0.06941530858476389
-0.06846488349432016
-0.06767493051415162
-0.06730813502507604
-1.12616815902708e-15
2.9563717620974147e-15
0.06730813502507582
0.067674930514152
0.06846488349432031
0.06941530858476416
0.06975973152207124
0.0702335575151528
0.07479904199270113
0.0750505003706765
0.07572444196159996
0.07639800003877655
0.0941853197161315
0.09527627728941683
0.09570565247199152
0.09776271447746057
0.09950439226959415
0.10024004115749686
0.10066092052109832
0.10981557068521279
0.11067824596803152
0.11418792061074745
0.11709043509409867
0.12149674842558018
0.12173540648902728
0.12362093957771197
0.12489479238907075
0.12742794225669057
0.12770262222924253
0.13132294961676497
0.13138210355474655
0.1340669883840024
0.1350870211133543
0.1365112760295174
0.13742696896524995
0.14177203058140986
0.1454925208342817
0.14788928536350066
0.14876497434971364
0.15336363598847505
0.15382807885298008
0.1547041070581188
0.15505732335682998
0.15591036345415357
0.15629676364052297
0.2557583068056486
0.2885712317017801
0.294240538267551
0.295088741028747
0.2965702723592267
0.29663972100385994
0.29782631703441453
0.2983932472960688
0.299395461647594
0.30044062237726765
0.3005403551594554
0.3103335461963032
0.3124321501178985
0.31453412047318097
0.31577580102826647
0.3172116831032941
0.31859320056495627
0.32042460567028785
0.32312275794164275
0.32416805810850813
0.3280074356649281
0.32996212308338485
0.34465360246993476
0.3453312390093663
0.3479467756709619
0.3481041039361101
0.35260656702261534
0.3542191753218375
0.35750139084870647
0.35806655634926327
0.3647874218469315
0.3650999284525852
0.366783317157112
0.36836980609458336
0.3773721790165947
0.38047547847474394
0.3876791510379771
0.3915215784143711
0.3946785654963543
0.39472531652029574
0.3993900429397772
0.4012797110296275
0.4046907365291812
0.4078139370777546
0.4095886250559737
0.4128689530109968
0.42111821264584404
0.42315172871920914
0.4238368121843793
0.4262790038168647
0.4288683476781954
0.42959347802183817
0.43198009819857147
0.4327986428598663
0.43439576193025914
0.43515949197338266
0.4858807532421731
0.48615301680083817
0.4878944448333924
0.48811989536239186
0.4913220372040494
0.49142485114227047
0.49458929339239305
0.49469165980121954
0.5014251092798195
0.5015640669387248
0.5045938409340455
0.5055405836567465
0.5113838575303257
0.5135078496471358
0.5177361940233624
0.5184074158914204
0.5239424907531812
0.5246365298441955
0.528556069273421
0.5286307245188778
0.537760822186058
0.5381835648010481
0.5420779446528992
0.5426122329403167
0.5486045840327803
0.5490859341265331
0.5516390627309253
0.5523543999710191
0.555924447802841
0.5569672799029192
0.5592648397488513
0.5599723248589434
0.5687635595624054
0.5759194967576704
0.5786329147078453
0.5817347679795302
0.5934227590732681
0.5938426090491037
0.5958509493350985
0.5962612454626939
0.5990791645197269
0.5992481296394238
0.6031085860754961
0.6038472501690033
0.608199274454154
0.6139482442532763
0.6150592568963358
0.6162082829066899
0.6197969832545525
0.6225421649500461
0.6244543291336706
0.6245696373991011
0.6273394111179783
0.6284782252146843
0.6322198490258573
0.6401856512478818
0.6417731685218603
0.6421569111847751
0.6445091525297547
0.6449786936530814
0.6464702238271297
0.6466181656644596
0.6496359612076318
0.6499400628699281
0.6518485073577936
0.6527389292290391
0.6545541388826541
0.6552538958814325
0.6556884680285331
0.6598711327766472
0.6617885140367145
0.6619169522866145
0.6634214330269422
0.6635696248655024
0.6645650342575149
0.6659544731481257
0.6676446247462694
0.6680448790486615
0.6701012464373808
0.6710540610520164
0.6714039802169118
0.6715943233309629
0.6720469335922581
0.6722173646848835
0.6726048516671256
0.672741215696414
0.6732587312797962
0.6734820814331827
0.6896509272101539
0.7197183266302689
1.2582993366729076
1.258433012210411
1.2587504972952948
1.2590275217211087
1.2593042943028745
1.259513797657298
1.2600022781777243
1.2601061853292614
1.2613534247675326
1.261961318512539
1.2630138401038047
1.2631146181301975
1.2646365932294616
1.2651646724631977
1.2662340378285661
1.2662556567978114
1.268252598600176
1.2683747006833088
1.2696208587435522
1.2698141165790418
1.2742545242219403
1.2743438069471935
1.2757494029208247
1.2762036563337718
1.279392011621859
1.2794728468041252
1.2812521709351097
1.2813027973360274
1.2838970952716333
1.284064278902114
1.2857898708661348
1.2859892076444268
1.2972428409936363
1.2987159769340586
1.2996112586067647
1.2996351406079139
1.3017976281163175
1.3022174601449215
1.303884770288112
1.3049311906704701
1.3067684679712115
1.3072223808658037
1.3115193153435516
1.3124055517047752
1.3200034545138855
1.320235815564183
1.322158813574732
1.324097791101916
1.3258316747251333
1.3266926806155777
1.329352912748628
1.3296891942579332
1.3313527001988226
1.3317551608339864
1.3540904467431314
1.3548135662009388
1.3563594728010804
1.3571551368216046
1.361391334253225
1.361574519285009
1.3640453030418378
1.36449959108722
1.367755369725329
1.3692926519227153
1.372636049361522
1.3740070901932073
1.3818973830673373
1.3819882366942529
1.383641216136532
1.384080255370073
1.38773104219855
1.3880231625218458
1.3923517683575195
1.3927917738590678
1.3957619968789943
1.3958782616783154
1.403718187518183
1.4049194813365946
1.4070528084735772
1.4080497352175367
1.4118553925402486
1.4127402519851129
1.4144210013400818
1.4147784592463808
1.4176357601256508
1.4181277103565244
1.4186448344290552
1.4192454965186931
1.4571844010837243
1.4586577797118752
1.4825986552914074
1.4829347467390526
1.4846361661529672
1.4848354707123539
1.4874418734153028
1.4875711422892903
1.492432462392315
1.4927596026106025
1.4948315653228912
1.496029230237468
1.5005268594205599
1.5005415755446652
1.5052853835663034
1.505565230528537
1.5099877501956873
1.5101743428642473
1.5134184720411539
1.5138127242371073
1.5170543607790017
1.5175052670625608
1.533664663832137
1.5337788719402263
1.5371204137221128
1.5371611800109732
1.5411513062777795
1.54131598473496
1.5458512051276783
1.54601147513282
1.5527844939904039
1.552845294865174
1.5557774578915058
1.5560412117613378
1.561616324444068
1.5616512244927103
1.5722196397040293
1.572824837830886
1.5770893954839154
1.577287803054227
1.5812382096279032
1.5816560266233013
1.5879888022178723
1.5882034933564915
1.590786220274372
1.5916579939454807
1.5954013191242007
1.5958660124884414
1.5980777639323787
1.5986782690974486
1.60140781351334
1.6015946937586047
1.6035261708418576
1.6037506730027713
1.604988405299594
1.6052338867158475
1.6769077784515425
1.6772259968528567
1.6784782870611592
1.6787721396127229
1.680646683516913
1.6810818407640251
1.6829822599900255
1.68302774649175
1.6879438221090666
1.688626080972265
1.6913490438033372
1.6917301005361902
1.6968878078369465
1.6977714443513063
1.701158793227291
1.701444736211871
1.7066331715398861
1.7068435372046376
1.7101098412515006
1.7101465015998023
1.7193965258641437
1.7196119688560054
1.7224465519633063
1.7235598966981756
1.7292230441532037
1.7295154955819838
1.7323934374207153
1.7325127864411662
1.7364300147396863
1.7371563290686935
1.7396293011034352
1.7403636208882376
1.7561668899498117
1.7568991379078465
1.7592388724990529
1.762112250382522
1.7664677389956214
1.7668329293046248
1.7697563618728158
1.7701327953883472
1.7733111187883348
1.7739364787815164
1.7801295071710888
1.7802392510064697
1.784560724322914
1.7864061515033784
1.789090163427952
1.7896869060068916
1.793447150253763
1.7941291636438288
1.7978961615692788
1.7980959069161448
1.800298901806024
1.8005616374710445
1.8106182662289416
1.8122205781700234
1.8182804972878832
1.818309333984814
1.8213320002181872
1.821534157394746
1.8237292700034626
1.8238464852227918
1.826448265397009
1.826653471804871
1.8306670772513267
1.8307358935673528
1.833972841775672
1.8340611000755027
1.8375723776795048
1.8378691960640021
1.8400484865851081
1.840161962102763
1.8430177991573153
1.8431144310128795
1.8447512726651292
1.8447601196014465
1.8484048634503307
1.8486033806426148
1.8494057318554773
1.849823590639035
1.8515555587663126
1.8516762770407282
1.8523499879742347
1.8524375308620917
1.8532653414845364
1.8533178890645476
1.8536849539819484
1.8537992930647207
1.9054312542378875
1.9059204080123784
2.0847632746749274
2.0847818305001207
2.0852157394421673
2.0852282412812375
2.0859840498644218
2.0859935921398947
2.087445998171177
2.0874693948999288
2.088159346256415
2.0882378866366023
2.0896085138056066
2.089647809583211
2.0920511532019637
2.092088616928642
2.0939247698515406
2.0939420036034657
2.0952961817571145
2.095322279317469
2.097154465629802
2.097196693223107
2.103972118531578
2.103973062706366
2.1058643784029694
2.1058925136639965
2.107539078637197
2.107557796121911
2.1108874092834355
2.1109107582693967
2.1143977480392255
2.1144238478164565
2.1164801809256195
2.116487224278504
2.1176771841648914
2.1176811749459783
2.128679643840188
2.128728561993073
2.131480884891271
2.1314993002029268
2.134668781234538
2.134710917809918
2.1397112639326497
2.139726437347592
2.1416363160300462
2.1417107799653086
2.1451352039664076
2.145184547607191
2.148585331249609
2.1486273930256523
2.1514107030768854
2.151444964652585
2.1533770851266874
2.153399838506866
2.155089687648468
2.1551073972343553
2.182806793278036
2.182806926202086
2.184266537869444
2.1842898304936798
2.185908315974512
2.1859147405508423
2.188903414768453
2.1889207958583268
2.193386106291007
2.193418220689713
2.1962918620243554
2.1963060189341084
2.19822750127309
2.198261954776513
2.2051609418746794
2.2051866353638854
2.2089946558437856
2.209001011014985
2.2123691594609523
2.212391347310273
2.219550645472623
2.219571292988766
2.2214363531670633
2.2215692033549
2.225166761955614
2.2251882819967865
2.228190158595029
2.228218374951369
2.2314256790114935
2.231465638666154
2.2330243199597426
2.2331033450119313
2.2352695815195003
2.2352721370700226
2.2599080050936755
2.2601150074101866
2.264445520879382
2.264449339502947
2.2661395957269317
2.266148489093266
2.268915079036146
2.2689213045566716
2.2733867114545823
2.2733982926063976
2.2759199685463165
2.2759503024846297
2.2780105309579124
2.278034221068837
2.283288325855403
2.2833090821171433
2.286732182402736
2.2867331539594855
2.2894064347440106
2.289422679031651
2.2991037968818766
2.2991530427085705
2.3010857295533746
2.3011121461423345
2.3039339926373907
2.303947954416033
2.306752202292346
2.306766264493257
2.310318915585517
2.3103313925817788
2.3124964770174263
2.3125038777271327
2.3150562475994887
2.315083107352611
2.3206582078527385
2.3206972101490426
2.32332439686214
2.3233451022577225
2.3253113495533193
2.32531760630376
2.32775727705769
2.3277990726218003
2.3312330809978126
2.3312661176066105
2.332775880413874
2.3328117702081723
2.33377545951075
2.333787943999645
2.3357238143328822
2.3357310707891794
2.336756340403975
2.33676394422659
2.3373357264682357
2.3373477335943633
2.376035401346423
2.3776342755490645
2.4217859263056214
2.421788006247248
2.4222500196235632
2.422256240338215
2.4228398426875186
2.4228568525218055
2.423703214575131
2.4237164970308513
2.4255011222536242
2.4255255494205974
2.426926401012454
2.4269526127248744
2.4279116787308395
2.427998094786277
2.4306370222981832
2.4306592481071077
2.4327582081276695
2.4327877632666293
2.4345572366297645
2.4345775013312925
2.439853069314036
2.4399016087890133
2.4410407653328554
2.4410501806903504
2.4433542875157364
2.4434670112327126
2.445567024784317
2.4456442089200165
2.4483158367140025
2.448402651410867
2.44953438519136
2.449731289385568
2.4515774260803584
2.452039796547052
2.461835666481667
2.4620394697768084
2.4636925109131322
2.463697968302159
2.4653698357480676
2.4656525146984016
2.467538607460573
2.4682624684450207
2.4700348421941904
2.471040426092044
2.472843590968293
2.473949041033062
2.474454463395162
2.4750873410921086
2.4776300834479663
2.4779391701694142
2.4798518056189316
2.4798845398697678
2.481317404424041
2.481489436299559
2.4933193076415505
2.49338456926207
2.4942704187189957
2.494303138526049
2.495651092379997
2.4957679160627646
2.4976698532068067
2.497752087061291
2.5005802283691163
2.5006716671692435
2.5019377047158486
2.502167825349813
2.503693780375865
2.503790010670152
2.5077270104181135
2.507760140760542
2.5097640072453764
2.5098130383763
2.511442114091248
2.511458898673897
2.514215959448531
2.514271128452282
2.515508341160725
2.5156764148471265
2.517262414093901
2.517352893601063
2.518220417868604
2.518329611620649
2.5193395250485526
2.519449378009038
2.5199670461634462
2.5200610194468482
2.52127375054952
2.5215840434063375
2.5278647306078867
2.5285031504211655
2.5578956745333103
2.557918701090813
2.5583421842955723
2.5583566112577354
2.559089847088442
2.5591037838016293
2.5604775734781535
2.5604964807306607
2.561110781306043
2.5611839305018287
2.5622277873430135
2.5622704078146232
2.564329936836763
2.564383417843179
2.5658667944529236
2.5658840209863
2.5668981718656547
2.5669097187235144
2.5680860360098254
2.568089777948658
2.572033192447622
2.5720394448084716
2.5732783789112816
2.5733155310506914
2.5742222036128894
2.5742453175073114
2.5760416168026947
2.5760641382895795
2.577715172468505
2.5777455431437577
2.5790804881368565
2.579081709850919
2.579524412831837
2.5795262533643983
2.5841425935701268
2.584169541209534
2.5853841884015436
2.5853918348224187
2.5868027646673233
2.586830550024817
2.589055488538001
2.589066974914358
2.5897857466931007
2.5898211575350727
2.5909129425572135
2.5909268008161344
2.5925090098301418
2.5925171799649416
2.5935540596492057
2.5935566162614316
2.594114536286468
2.594120583082701
2.5947513685126276
2.5947618722444883
2.606334663928726
2.6063347394449576
2.6067227124239096
2.606737807450749
2.6071191537127776
2.6071309489829773
2.6080044192717806
2.6080133978151334
2.609153966073084
2.609173799347226
2.6100871292424572
2.610098735806478
2.6105147612294988
2.610514885209534
2.6124999349788176
2.612504178331593
2.613515837626271
2.6135202164000124
2.614479370424503
2.614483309463198
2.616535136762524
2.616536612348698
2.6169496427604977
2.6169630525445267
2.6177969790907323
2.6178125533523544
2.618758001885421
2.61876455899872
2.619621054049536
2.6196308612154975
2.6199923029134307
2.6200109772816433
2.620379570292499
2.6203833684041773
2.6258071921575605
2.62580845905542
2.6261533733367752
2.6261546278922836
2.626476353001866
2.6264790905697697
2.6270523912832124
2.6270587943472554
2.627850297214698
2.627868252389724
2.628460440524805
2.6284928325729853
2.628797211442977
2.6288058032092922
2.6297174926222873
2.6297284042127105
2.6302875545758035
2.6302905881291867
2.6307337377733058
2.6307429976858554
2.6325680927173156
2.6325701047854375
2.6327067448749797
2.6327085304602837
2.633052406993133
2.633056635758724
2.6335144911444726
2.633517980756207
2.6340050788720824
2.6340076033328352
2.6342292244383194
2.6342328153100696
2.6345088029964576
2.6345113527883974
2.6353431227555024
2.635349636807556
2.63557759815349
2.635581487545803
2.635740802202476
2.635743863310256
2.635975325871767
2.635982540541014
2.6362883952289424
2.636295191285647
2.636447468724831
2.6364591165282616
2.636536347152728
2.6365397530835386
2.636706578872964
2.6367078920787503
2.636794084387745
2.636795837162567
2.6368438767769433
2.636846446411754
