0.00013935369010668576
0.0001351524067091152
0.00012284515338543397
0.00010330258035745896
7.791311731905891e-5
4.849294796898243e-5
1.7167671932476056e-5
1.376713888085723e-5
4.199790514517286e-5
6.534804422929335e-5
8.192618519629535e-5
9.025801919836396e-5
8.939307751209814e-5
7.897918615954907e-5
5.9299317486517087e-5
3.126792195868684e-5
3.613586740448123e-6
4.333989308401141e-5
8.551861590218513e-5
0.00012751400627741642
0.00016660892007981187
0.0002001753628368086
0.00022584339111399117
0.0002416582426709487
0.0002462162219817533
0.00023877102579100554
0.00021930377245246978
0.00018855190160762302
0.0001479942313601264
9.979169053245655e-5
4.668548103135844e-5
8.143421884840352e-6
6.124753339849253e-5
0.00010911122713946077
0.00014836507413993727
0.00017600589556674914
0.00018961156409707803
0.00018753936554522212
0.00016909705331341764
0.00013467662571407416
8.584231698317599e-5
2.5366247730935142e-5
4.2792491265170084e-5
0.00011356699868476964
0.00018091902300451646
0.0002380292088637721
0.0002775351553254846
0.0002918089826523568
0.00027326390736524185
0.00021467729815220212
0.00010951595009484466
4.7751895544752786e-5
0.0002613736225320789
0.0005340734220596842
0.0008668703817316047
0.0012589626418565416
0.0017076820357524122
0.0022085183668768184
0.002755207458552353
0.0033398731057627806
0.0039532106373632026
0.004584699217128563
0.005222831178442799
0.00585534921499864
0.006469485580825829
0.007052200981671586
0.007590424007613006
0.008071294300623588
0.008482413815560363
0.008812110271707585
0.009049715078917497
0.009185854699909068
0.009212749862431924
0.009124511860692408
0.008917420312569035
0.008590163316617438
0.008144020087407888
0.007582968528199618
0.0069137057416979175
0.006145577175019401
0.005290418200461389
0.004362318479003591
0.0033773228858207105
0.0023530824774047688
0.0013084654593042925
0.0002631328584004524
0.0007629213185101696
0.001749868092020502
0.0026785805437561216
0.003531203908451186
0.004291741488315903
0.004946625753591949
0.0054852323095460065
0.005900288903075701
0.006188135747978496
0.006348807844227089
0.006385931732984851
0.006306452538587415
0.0061202258935177944
0.005839519045450103
0.005478465118802678
0.005052506356777009
0.0045778501901856394
0.004070950239631443
0.0035480158302552134
0.003024549712332014
0.0025149144304724208
0.0020319320766942197
0.0015865282049552496
0.0011874363613218852
0.0008409829710093429
0.0005509717471142236
0.0003186818365283851
0.0001429852542986087
2.0578453673353393e-5
5.368767663714711e-5
8.640348002443756e-5
8.5150881214587e-5
5.803859888751912e-5
1.3250367299920198e-5
4.136987934861026e-5
9.867714295631155e-5
0.00015251550931514587
0.00019793106079409782
0.00023130382319412843
0.000250398986536139
0.0002543411366564348
0.0002435183150611118
0.00021942539422936707
0.00018445847425641184
0.0001416737126584624
9.452513267444364e-5
4.6596471165723596e-5
1.3419950712011198e-6
3.8149583136264635e-5
6.935543150066254e-5
9.047263438125331e-5
0.00010051813717046378
9.937002592067239e-5
8.774912278645944e-5
6.714354096761458e-5
3.968236330669366e-5
7.9677374923086e-6
2.5122800786308487e-5
5.6650224373326174e-5
8.382972071671797e-5
0.00010423386752497273
0.00011596992409246551
0.000117819720467217
0.00010933319448898857
9.086975689389503e-5
6.358514283237762e-5
2.9364989645746143e-5
9.29018677308813e-6
4.9420895320404374e-5
8.779525769259111e-5
0.00012111432672947051
0.0001462232150482236
0.00016031496782449952
0.00016111476700436715
0.00014703344642761972
0.00011728132833217538
7.193592202224116e-5
1.1959878950060374e-5
6.083142739136302e-5
0.00014385044292712388
0.00023386123623466202
0.0003271395258809065
0.0004196602320751642
0.0005073027320233331
0.0005860633915109392
0.0006522647927747613
0.0007027513125375505
0.0007350612677626207
0.000747566707545483
0.000739573080961115
0.0007113724662174968
0.0006642458292537663
0.0006004119101541839
0.000522922818196298
0.0004355092274964861
0.00034238113872262876
0.0002479933824445838
0.00015678818541719466
7.2929918677564e-5
4.924041682276096e-8
5.898515074993188e-5
0.00010224937706325939
0.00012888619525133364
0.00013915391095154126
0.0001343958272370906
0.00011692995817396463
8.986541836056045e-5
5.685826874270657e-5
2.1825010019548185e-5
1.1364154844737105e-5
3.9188076850213474e-5
5.874916107268071e-5
6.799732403915318e-5
6.588501952824562e-5
5.244044231165748e-5
2.875264929819684e-5
3.1304944564515335e-6
4.0383580736560365e-5
7.964984161255163e-5
0.00011733286211339084
0.0001499109093315215
0.0001742491884384162
0.00018788533981002056
0.0001892652086681581
0.00017790921271558583
0.00015449431163565877
0.00012084239785097801
7.981257855650613e-5
3.5101953115427967e-5
9.03328599563151e-6
4.811772031119769e-5
7.783278038696833e-5
9.439959139883992e-5
9.493644432783904e-5
7.775858579400855e-5
4.2590832590099306e-5
9.330575015538745e-6
7.528178279341308e-5
0.000151205018948603
0.00023198486337551325
0.0003118286323799109
0.00038472279784058157
0.00044493006958038666
0.0004874872617151117
0.0005086624828922553
0.000506331490344221
0.0004802370890393449
0.0004321020621097197
0.00036557509816417165
0.00028600036018909666
0.00020001457551693986
0.00011499065403531582
3.8363490492991165e-5
2.3109146626991017e-5
6.408173110590871e-5
8.127129627530992e-5
7.393785995964453e-5
4.411630847782123e-5
3.460181555564168e-6
6.177493189450238e-5
0.00012227196111567372
0.0001758781197246248
0.00021420908407975765
0.00023082613533326944
0.0002223785128696526
0.0001894446653882071
0.00013688000251564473
7.349563909930771e-5
1.094163384796036e-5
3.823761186994839e-5
6.325405501586651e-5
5.8089063566877204e-5
2.4248819841692224e-5
2.7640740654595367e-5
7.85121075871723e-5
0.00010495678954148416
8.763600399147624e-5
2.416051253644768e-5
5.481135216912756e-5
6.994436154199378e-5
0.00011406491141200804
0.0006739715434933943
0.0017798664569854392
0.003528578166400731
0.005909366241424241
0.008830751895830158
0.012174355567912354
0.01583242238215732
0.019720700178738948
0.023777586650262528
0.027959112915900253
0.03223396011293245
0.03657961906956464
0.04097968210706915
0.04542199354500598
0.049897395775762465
0.054398875164155314
0.05892097416440123
0.0634593813083808
0.06801064114484845
0.07257194605504358
0.07714098470558417
0.08171583021891937
0.08629485657492486
0.09087667534332056
0.09546008724154653
0.10004404463238936
0.10462762218482435
0.10920999369033835
0.11379041356672337
0.1183682019641843
0.12294273266350997
0.1275134231553805
0.13207972643598964
0.13664112416208907
0.14119712088923908
0.14574723917766663
0.15029101539618583
0.15482799608983733
0.15935773480395898
0.16387978927844138
0.1683937189423097
0.17289908265158926
0.1773954366235757
0.18188233252869823
0.18635931570749298
0.19082592348534577
0.19528168356178321
0.19972611245433303
0.20415871397962926
0.20857897775655276
0.21298637771787776
0.2173803706183186
0.2217603945277764
0.22612586729961937
0.2304761850042536
0.2348107203188503
0.23912882086428677
0.24342980748057652
0.24771297243209123
0.25197757753376315
0.256222852189254
0.260447991331723
0.26465215325736224
0.26883445734108324
0.27299398162303934
0.27712976025332337
0.28124078078090653
0.28532598127089104
0.2893842472317667
0.29341440833122157
0.29741523487498256
0.301385434017702
0.30532364566788983
0.30922843803929645
0.31309830278839934
0.31693164966037024
0.3207268005423036
0.32448198278992235
0.32819532164904386
0.33186483152979473
0.3354884058025114
0.33906380465657726
0.342588640379466
0.3460603591438631
0.34947621799204986
0.35283325510751906
0.3561282505502188
0.3593576732155572
0.36251760754425666
0.36560364992532346
0.36861075887428685
0.3715330333180846
0.3743633768405874
0.3770929776069263
0.3797104856879585
0.3822006897346997
0.38454237359210497
0.3867048969100271
0.3886430879065217
0.39029099593607475
0.39155857927776916
0.39234169108471084
0.39255402940193074
0.39216410195003126
0.391201909139574
0.3897338207608767
0.38783502806875614
0.38557489198478523
0.3830124081064934
0.38019617357061763
0.377165774744987
0.37395339979816944
0.3705852927307318
0.3670829593011793
0.36346413289552837
0.3597435363050603
0.35593347895660576
0.3520443247532534
0.34808485936847067
0.3440625797737349
0.33998392364805863
0.33585445221398347
0.33167899685686164
0.32746177744570426
0.3232064984222247
0.31891642732292924
0.314594459337314
0.31024317069963514
0.3058648630978804
0.30146160081441176
0.2970352419518574
0.29258746481914377
0.28811979033609747
0.28363360114596237
0.2791301579923582
0.2746106138123712
0.2700760259143751
0.2655273665426092
0.2609655320774804
0.2563913510774838
0.2518055913340773
0.24720896608245235
0.24260213948809017
0.23798573151010238
0.23336032222670466
0.22872645569528016
0.22408464340876444
0.21943536740124925
0.21477908304810445
0.210116221599844
0.20544719248358634
0.2007723854016521
0.19609217225302844
0.1914069089004249
0.18671693680282386
0.18202258453136944
0.1773241691845282
0.17262199771673226
0.1679163681936764
0.16320757098617023
0.1584958899136426
0.15378160334777746
0.14906498528621315
0.1443463064058661
0.13962583510538806
0.13490383854608456
0.13018058370087404
0.12545633842112558
0.12073137253166388
0.11600595896491406
0.11128037494603804
0.1065549032419999
0.10182983348891383
0.09710546361374117
0.09238210136849334
0.08766006599764964
0.08293969006263069
0.07822132145100014
0.07350532560253775
0.06879208799017578
0.06408201690045301
0.05937554656690924
0.05467314072006335
0.049975296630861976
0.04528254974065593
0.0405954789913503
0.03591471299521709
0.031240937217077214
0.02657490238410709
0.02191743439381666
0.0172694460633549
0.012631951159165933
0.008006081274926746
0.0033931063000052913
0.0012055405388851086
0.005788231745128325
0.010353106934921641
0.014898024053255021
0.01942049692560932
0.02391761411448101
0.028385931674797416
0.032821328615272094
0.03721880763157204
0.041572212992886826
0.045873818345248285
0.050113701125263255
0.05427874757377715
0.05835097167439596
0.06230441225314687
0.06609805944764706
0.06873270573912174
0.06422426980870988
0.05968377557746862
0.05515827319124522
0.05065183738385581
0.04616807103246501
0.0417110954027371
0.03728589770694413
0.03289867107339095
0.028557267831764044
0.02427185955137201
0.020055942681773686
0.01592793261717773
0.011913797505149759
0.008051604130485224
0.0043996884364778666
0.0010516348174909977
0.001837775967593082
0.004021564372830966
0.005189850606770907
0.005197963232344893
0.004317640779066156
0.0030518436106189754
0.001814144721872845
0.0008399667139090053
0.00021252496284408675
9.385202087562662e-5
0.0001656650055980464
0.0001060214424392543
4.284188927391722e-6
7.839116726376615e-5
0.00011146130751412656
9.012940110060685e-5
2.709028198188817e-5
5.628642349717594e-5
0.00013750562345414145
0.0001983143377899359
0.00022768130379244859
0.00022262685857489468
0.0001873726167290091
0.0001313748316952103
6.681209624243917e-5
6.0413645369652554e-6
4.056737081173222e-5
6.614120723963911e-5
6.802902054306101e-5
4.775095324934003e-5
1.0299242188411875e-5
3.700589701850165e-5
8.587003544376312e-5
0.00012836262756327124
0.00015805396619834007
0.00017082153176465318
0.00016525712539469133
0.00014266431962320657
0.00010668654748394391
6.26465222171169e-5
1.670544530394593e-5
2.5035814454333728e-5
5.7372273627570206e-5
7.666086380759232e-5
8.123814396766802e-5
7.154745690154986e-5
4.9974029286064994e-5
2.0425560788798016e-5
1.227242934102794e-5
4.3076938923506454e-5
6.742692673632272e-5
8.185114654657335e-5
8.44103200386072e-5
7.49240175467181e-5
5.496128397584188e-5
2.760337588645935e-5
2.9863785798884476e-6
3.212939445540577e-5
5.526533030929358e-5
6.857693013134433e-5
6.953407732770124e-5
5.729602942330376e-5
3.2928307365028415e-5
5.875791709677473e-7
3.8550203614351984e-5
7.491689316641665e-5
0.0001028237582401952
0.00011519324750013887
0.000105369035762833
6.771799984697801e-5
1.8551086210731094e-6
0.00010552369065675115
0.00024331448881492672
0.00041305325559955815
0.0006104750742133957
0.0008294786783752682
0.0010624935013809071
0.0013009227455064326
0.00153562535013572
0.0017574032604632868
0.0019574662746576635
0.0021278533979169237
0.002261795850088603
0.0023540119742041996
0.002400928072988313
0.0024008217907573277
0.0023538863603258806
0.0022622151943488965
0.0021297072463969226
0.001961894602710423
0.0017656951900746716
0.001549095605339779
0.0013207721747510246
0.0010896626177939947
0.0008645060582443155
0.0006533751382098741
0.0004632297106188587
0.0002995256512770833
0.00016591322537610242
6.405593133176446e-5
6.407641908960036e-6
4.7749061424767284e-5
6.388778300266548e-5
6.000232177506354e-5
4.204932940653837e-5
1.623464973309432e-5
1.1514957853473562e-5
3.603139026778091e-5
5.329361881873486e-5
6.0692257354249674e-5
5.715039887178976e-5
4.309533425718131e-5
2.0290372170497654e-5
8.450889617406719e-6
3.9635195067346156e-5
6.950598355919415e-5
9.446391000790785e-5
0.0001114516404742186
0.00011826823867484992
0.0001137864541984476
9.805611753955324e-5
7.228769044322658e-5
3.87208685272898e-5
3.931180783307218e-7
3.916857400601122e-5
7.630318133268128e-5
0.00010758497019094347
0.00013017209199997986
0.00014210127882793752
0.00014249949064474215
0.00013168976330601024
0.00011117699382626282
8.350951376336383e-5
5.2023421875637085e-5
2.0488003164556522e-5
7.318750792916148e-6
2.806650408341123e-5
3.931658241616627e-5
3.990700377473746e-5
3.0234226358500827e-5
1.2394699382353246e-5
9.838508049427875e-6
3.121277276646346e-5
4.53574021574303e-5
4.5282151018700384e-5
2.396933314848342e-5
2.499589170355003e-5
0.00010681862480166691
0.00022497129157832724
0.0003808065280682902
0.0005733420836405159
0.0007992334896845217
0.001052928497052279
0.0013269781236968476
0.0016124657559547576
0.001899509663563725
0.0021777951688683023
0.002437098728358093
0.0026677748742885195
0.0028611860475851823
0.0030100632549716943
0.0031087914593249
0.0031536175947849366
0.003142781420907816
0.0030765705716821385
0.0029573015711359
0.0027892286443542726
0.0025783821418084046
0.0023323385834805805
0.002059925014056764
0.0017708618847659162
0.001475351388001988
0.0011836223056463238
0.0009054479547693126
0.0006496602454068649
0.00042368918914610344
0.000233161939573116
8.159696842430622e-5
2.9774040013701567e-5
0.00010203207183721662
0.00013843247862108492
0.0001441058915155523
0.0001256177499200719
9.042025352333319e-5
4.624170447415579e-5
4.651121201912839e-7
4.0449862380760436e-5
7.145018374829458e-5
8.923395657865134e-5
9.242416436868135e-5
8.155536514570472e-5
5.8875225385690005e-5
2.798144285368757e-5
6.668316771180651e-6
4.0322318965349885e-5
6.851686948693764e-5
8.761251800360327e-5
9.522611649463153e-5
9.051058889215062e-5
7.424988743466053e-5
4.875645208425059e-5
1.7580660778401943e-5
1.4936084806013827e-5
4.421341025584078e-5
6.602341830193583e-5
7.704852727584774e-5
7.533418364699467e-5
6.057573931255584e-5
3.419811171598617e-5
7.875545621557215e-7
4.0137584536199445e-5
7.889993861345607e-5
0.00011204658328991849
0.00013513704665016162
0.00014493051137630974
0.00013986765325422085
0.00012035620701350842
8.881467230721253e-5
4.945486023098466e-5
7.813920553209752e-6
2.992242021157358e-5
5.7734241935456694e-5
7.062372154050584e-5
6.54017241810055e-5
4.1289784417827694e-5
2.3495816461402638e-7
5.313602711042828e-5
0.00011195379861105793
0.00016791327008264446
0.00021237599034120433
0.00023764571383528229
0.00023825837051293512
0.000212105972093242
0.0001612098328369018
9.197298863022153e-5
1.4774942211896225e-5
5.717611651921028e-5
0.00010974588964279052
0.00013044678410051514
0.00011147396952141355
5.285876832496931e-5
3.473869043232663e-5
0.00012817397528477452
0.00019153079491156732
0.00017804975236597855
3.487281673212536e-5
0.0002890612485679161
0.0008323382359825095
0.0016090666802882781
0.002597740814562684
0.0037324498986335258
0.004896112167425137
0.005915940866127123
0.006569854851939283
0.006627077268718473
0.005932963516543488
0.0044775343486149035
0.002371229619156278
0.00023592981835511383
0.0032107057279189034
0.006452395051654847
0.009889024316446005
0.013469499926327622
0.01715697550215811
0.02092419081716912
0.02475036896923921
0.028619165031013694
0.032517289593680054
0.036433558651364883
0.04035820908160037
0.044282370775426294
0.04819760883020319
0.052095437762460506
0.055966628157987586
0.05979981760348263
0.06357763334698507
0.06726106832794976
0.07067901434749188
0.07217682117297279
0.07005388110831223
0.06705679577132795
0.06374537098051647
0.06023282606771563
0.05657197150907489
0.052795893604864474
0.04892790713294737
0.04498548882444631
0.040982288252639165
0.03692931175471781
0.03283568138378978
0.028709150838159836
0.02455647290664853
0.02038367238893457
0.016196257513795942
0.01199939130223715
0.007798037657866352
0.0035970930971000775
0.0005984871127510692
0.0047835606064907665
0.008952659610620195
0.013099834110061437
0.017218466194213633
0.021301042375530876
0.025338866159704487
0.02932168631177312
0.03323720596623403
0.03707042217404233
0.04080272187975975
0.04441062451006772
0.04786400774122157
0.0511235767444278
0.05413724614344417
0.05683506958583617
0.05912270069527015
0.060875274378644484
0.06194002704625312
0.06216813058030368
0.06149039135752332
0.059982199366865
0.05782649433285503
0.05521564925419664
0.05229631817591418
0.04916669331526613
0.04589093156877144
0.0425123775470837
0.03906234955044319
0.035565578869419134
0.03204367787375162
0.028517583626047838
0.025009570813256943
0.02154522189427066
0.0181556228220332
0.014879934087077551
0.011768236623367123
0.00888393698761547
0.006303728236816575
0.004111226073724466
0.0023798286119346653
0.0011456871023904666
0.0003841541658310628
9.115328576154715e-6
0.00010099504728189738
6.8067658102401e-5
1.121816044837936e-5
7.577852600899703e-5
9.882502697758312e-5
7.998778585742897e-5
3.490174475423694e-5
1.490611109267387e-5
5.002343896684284e-5
5.817747880511904e-5
3.6180861801311956e-5
1.0727510952433535e-5
7.133068386837973e-5
0.00013174505006380177
0.00017875561293172678
0.00020254481985853748
0.00019843453167580683
0.00016749520675310908
0.00011607093199454623
5.441720201588966e-5
5.250202449502965e-6
5.0941760569028993e-5
7.295364762372338e-5
6.547523294076679e-5
2.750379050020306e-5
3.70519962573248e-5
0.00012005747218070669
0.0002104746493686744
0.0002960792365325592
0.00036529006167952737
0.00040883858112534524
0.0004210517072084606
0.00040058835671938613
0.00035054827457257844
0.0002779535476266674
0.00019268279109472842
0.000106009153453325
2.8949305811536037e-5
2.9336322602907887e-5
6.285020925181424e-5
6.956619038688469e-5
5.160979179672614e-5
1.4783490732056608e-5
3.24798816868219e-5
8.055848846083319e-5
0.00012024055373138486
0.00014422557145483457
0.0001482932121828192
0.00013195954918060048
9.85183999119425e-5
5.4457796762269975e-5
8.336638821551306e-6
3.070738753599345e-5
5.458222632680223e-5
5.772852177686083e-5
3.8208174047923545e-5
1.8113860123335167e-6
5.6285063024784516e-5
0.00011621368394255908
0.00017112070866542173
0.00021083641419022037
0.0002272827492613002
0.0002159432743157799
0.00017674923807944524
0.00011421016031263893
3.67505552838876e-5
4.464112273959898e-5
0.00011821899582895493
0.00017342678682146848
0.0002026462404064553
0.00020244474835020708
0.0001741094294087492
0.00012337919321771094
5.9422121908904034e-5
6.770297342562324e-6
6.430527458330783e-5
0.00010430397538966127
0.00012147508964342139
0.0001150497359479034
8.887093316726976e-5
5.056921145418967e-5
9.927155451751765e-6
2.328656018184926e-5
4.158364589847953e-5
4.161210292797743e-5
2.511556404504312e-5
1.3379313435537347e-6
2.792587632397342e-5
4.418040308840863e-5
4.2066210395420467e-5
1.8747546385365014e-5
2.177418829986719e-5
6.880628082870979e-5
0.00010720409440776986
0.00012156521379161196
0.00010177720575154857
4.891546297452242e-5
1.9809449113401023e-5
6.85315717710181e-5
4.416491649749048e-5
0.00011689099322478443
0.00047649163838400755
0.001079192382284397
0.0019389283823587002
0.0030340888704102177
0.004312721660765024
0.005703589854404889
0.007126917751059558
0.008501332901505343
0.009746932077446147
0.01078620423703125
0.011544987181443034
0.011955547719537662
0.011963264477719449
0.011536483032294598
0.010675894091662919
0.009417972345440617
0.007829987449040843
0.005999949659133641
0.0040274583556603885
0.002018975389053131
8.70297736062459e-5
0.001650171387917661
0.003074315148206692
0.004083328188154314
0.004617569299437695
0.004681819944565495
0.004345252459191157
0.0037191809609906086
0.0029295893482539177
0.0020972114380426415
0.0013254173867815505
0.0006914689714257044
0.00023937827505222259
2.3546006385358924e-5
0.00012345976335543157
0.00010961451904959447
3.9795615048632204e-5
3.4099500986187803e-5
7.674841515668323e-5
7.429808883302051e-5
3.301451512938452e-5
2.719594772846707e-5
8.202884033876691e-5
0.00011189371953894818
0.00010829239820491518
7.579295776402866e-5
2.9275170173321906e-5
1.2397470096339109e-5
3.3909318638266356e-5
2.9364883147462833e-5
4.194896127417782e-6
2.7665405100573265e-5
5.01373809324638e-5
5.2214402858765524e-5
3.294491786455185e-5
1.9485798585030332e-6
2.4954475128055554e-5
3.327793150394245e-5
1.7224645463815795e-5
1.6738292776425128e-5
5.219162995012435e-5
7.032872936920331e-5
5.9475191115689696e-5
2.2033489393358355e-5
2.487044550644453e-5
5.624265212089752e-5
5.1531455847442e-5
7.577959056381859e-6
5.3712319798483034e-5
8.752622836815386e-5
3.905586592910959e-5
0.0001364759282393731
0.0004541603697152584
0.0008885341105733106
0.001376059886128005
0.001828891223507772
0.00215403950442234
0.0022732890405205214
0.002141932212433678
0.0017647204683668802
0.0012050771693442642
0.0005807137076075913
3.7431806155752885e-5
0.0003018527169187207
0.0003942734904617706
0.00029780546296372763
0.00013247961271485885
9.962242277332093e-6
2.125866033688319e-5
1.4919598773696836e-5
5.784891584952399e-5
6.125378716452534e-5
2.4077958250646445e-5
1.7169217160364995e-5
2.544391608534194e-5
1.38868713991947e-6
2.864214028243457e-5
2.119098953729581e-5
1.4951725288877601e-5
3.0401881284909777e-5
2.0625165842610024e-5
0.0001268037005961767
0.00021651997566097725
0.0002165848495529927
0.0001241261379594767
1.9753719670740084e-5
1.4140053075640635e-5
5.9398405713212594e-6
1.128079795619503e-6
2.7567505529601303e-5
1.197230277547235e-5
1.5760544954129367e-5
3.2640090731269787e-5
7.195073923850545e-5
7.048097383231278e-6
5.05188389430857e-6
2.1699595941967947e-5
3.7976490360939057e-6
7.452656339682583e-5
0.0030471919071699462
0.007679658609699661
0.012538972282526956
0.017461675952766646
0.022411311074363914
0.027375132431182087
0.032347463718411865
0.03732536406240104
0.04230714315767316
0.04729175299153636
0.05227850511286539
0.057266926193104487
0.062256678604205015
0.0672475140931462
0.07223924542031424
0.07723172827826728
0.08222484936131033
0.08721851825740987
0.0922126617944771
0.09720722000826756
0.10220214320897
0.10719738980897041
0.11219292468850176
0.11718871794834076
0.12218474394545197
0.12718098053858445
0.13217740849173532
0.13717401099779536
0.1421707732946586
0.1471676823533115
0.15216472662238195
0.15716189581746604
0.16215918074618102
0.16715657316201607
0.17215406564148644
0.1771516514803484
0.18214932460544048
0.18714707949944157
0.19214491113637744
0.1971428149260744
0.20214078666615043
0.20713882250034701
0.2121369188822283
0.21713507254346787
0.2221332804660226
0.22713153985766804
0.23212984813040072
0.23712820288134323
0.2421266018757799
0.24712504303209323
0.2521235244083063
0.2571220441900648
0.2621206006798703
0.2671191922874027
0.2721178175208223
0.2771164749789191
0.28211516334401965
0.28711388137557836
0.2921126279043435
0.29711140182708334
0.30211020210176365
0.3071090277431674
0.3121078778188916
0.3171067514456831
0.32210564778608664
0.32710456604537475
0.33210350546872036
0.33710246533860055
0.34210144497241013
0.34710044372026105
0.35209946096293443
0.35709849611002165
0.36209754859816423
0.367096617889465
0.37209570346997267
0.37709480484830904
0.3820939215543772
0.38709305313816367
0.3920921991686175
0.3970913592326215
0.402090532934008
0.40708971989266496
0.41208891974367956
0.4170881321365555
0.42208735673446407
0.42708659321355325
0.4320858412622958
0.4370851005808798
0.4420843708806323
0.44708365188347776
0.4520829433214334
0.4570822449361394
0.46208155647839155
0.46708087770772866
0.47208020839203746
0.47707954830716315
0.4820788972365604
0.48707825497095447
0.4920776213080247
0.4970769960520973
0.5020763790138705
0.5070757700101363
0.5120751688635231
0.5170745754022595
0.5220739894599411
0.5270734108753121
0.5320728394920544
0.5370722751585925
0.5420717177279089
0.5470711670573594
0.5520706230085084
0.5570700854469646
0.5620695542422263
0.5670690292675391
0.5720685103997487
0.5770679975191725
0.5820674905094709
0.5870669892575225
0.5920664936533134
0.5970660035898249
0.6020655189629207
0.6070650396712536
0.6120645656161647
0.6170640967015919
0.6220636328339781
0.6270631739221878
0.632062719877428
0.6370622706131646
0.6420618260450488
0.6470613860908518
0.6520609506703854
0.6570605197054437
0.6620600931197345
0.6670596708388232
0.6720592527900655
0.6770588389025626
0.6820584291070985
0.6870580233360901
0.6920576215235377
0.6970572236049764
0.7020568295174284
0.7070564391993654
0.7120560525906496
0.7170556696325117
0.7220552902674966
0.7270549144394309
