0.1400463017426774
0.13989278901520485
0.13946589134562615
0.13884362038642273
0.13810895424964942
0.13732910508319618
0.1365530948618856
0.13581578926879878
0.1351421727523121
0.13455038729028246
0.1340536487960291
0.13366140925874825
0.13338005591543522
0.1332133325655538
0.13316259008373343
0.13322692124659863
0.13340319814860324
0.13368599866009845
0.13406737234273214
0.13453634535628423
0.13507798403881166
0.13567171256176813
0.13628841959676974
0.13688584313410201
0.1374024932471829
0.13775397422579072
0.13784366257821912
0.13760041111135646
0.1370215168268092
0.13616969003755797
0.13512912718168346
0.13397119949508385
0.1327449270855925
0.13147938683014315
0.13018805653119214
0.12887219252997806
0.12752338777679828
0.12612625432124114
0.12466215612868004
0.12311429594292411
0.12147322696512575
0.11974072829213345
0.117930248644742
0.11606397994444073
0.11416838587831757
0.11227017541491513
0.11039367914892217
0.1085595844182663
0.10678456781077017
0.10508137943991702
0.10345909296432865
0.10192338123999001
0.10047677018919776
0.09911887146189846
0.09784661448731624
0.09665450313345891
0.09553491884980803
0.09447848489826072
0.09347449724865742
0.09251141814506969
0.09157741898383787
0.09066095055020496
0.08975131144334991
0.08883918046728478
0.08791707683211403
0.08697971409076333
0.08602422027405376
0.08505020730309987
0.08405968612757819
0.08305683815124798
0.08204766623569615
0.08103955828538867
0.08004080231563204
0.0790600939742232
0.07810607612919984
0.07718694576740726
0.07631015632087967
0.07548223385291797
0.07470871375805421
0.0739941917422633
0.07334247033568841
0.07275677171053196
0.07223998049403324
0.071794877280845
0.07142432464034165
0.07113137209874143
0.070919254316959
0.07079126720959117
0.07075052007415117
0.07079957788257474
0.07094002602701144
0.07117200805833424
0.07149380196300603
0.07190150818320218
0.07238891941134407
0.07294762685930944
0.07356739180052552
0.07423677855253707
0.07494401014626506
0.07567797438546187
0.07642927887929307
0.07719123287803109
0.07796062737080778
0.07873819965905904
0.07952870773303422
0.08034059843016639
0.08118531792679651
0.08207636617063407
0.08302822508512575
0.08405529010284463
0.08517091158265
0.08638661746484289
0.08771155117204099
0.0891521259506236
0.09071187164507455
0.0923914328904667
0.09418866813628357
0.09609879532939525
0.09811453065219489
0.1002261694719273
0.10242156195555907
0.10468593906805479
0.10700154981113075
0.10934708460713471
0.11169689947731243
0.11402015362221629
0.11628017700505655
0.11843472377677111
0.12043813536175385
0.12224640347032345
0.12382499921090373
0.12515706963285345
0.1262479217237349
0.12712293145204612
0.127819708280692
0.12837823194061615
0.12883263658774702
0.12920638655945504
0.12951088730805616
0.12974699366067677
0.12990890247336262
0.12998964352570708
0.1299865274594154
0.12990434417886387
0.1297550061634185
0.12955432081581053
0.12931784808411484
0.12905750650978742
0.12877958633970366
0.1284841310553384
0.12816547600194994
0.1278138057142444
0.12741760163397275
0.12696664194313456
0.12645485399243217
0.12588211682904493
0.12525439073657463
0.12458225452108307
0.12387857228412669
0.12315616589670642
0.12242607670664407
0.12169659266571697
0.12097294476335563
0.12025748099006339
0.11955013764099887
0.11884907389830834
0.11815137761927019
0.11745377734070495
0.11675331032540237
0.11604790534423293
0.11533684727726312
0.11462110149855542
0.11390348961720775
0.11318872260206936
0.11248330980259791
0.11179537044922805
0.11113437674848736
0.1105108551314804
0.10993606620052798
0.10942167652184764
0.10897942845085984
0.10862080878457547
0.10835671353976029
0.10819710416978978
0.10815064913588834
0.10822434266347303
0.1084230882730739
0.1087492268324124
0.10920197652473806
0.10977673639716468
0.11046419346981518
0.11124919051887572
0.11210942358018228
0.11301438408358155
0.11392571278600006
0.11480109762326807
0.11560348630389772
0.11631314688314953
0.11693411616554306
0.11748850335947392
0.1180028539051774
0.11849580261372061
0.11897113511384738
0.1194149648231404
0.11979487718887372
0.12006060529476636
0.12014804897123454
0.11998993562801541
0.11953445439919763
0.11876545305867792
0.1177106894003721
0.11643123648939913
0.11500098184496954
0.11348980300014411
0.11195559855092885
0.11044287290934518
0.10898420281678023
0.10760232527087776
0.10631195007180017
0.10512110620824844
0.10403209505972599
0.10304218806535381
0.10214420072204566
0.10132705073220416
0.10057638364636867
0.09987532927817755
0.09920543623353595
0.09854781598454743
0.09788450310068963
0.09719999174647054
0.09648283147402381
0.09572706816497112
0.09493324080897825
0.0941086523250032
0.09326675569915333
0.09242569577933679
0.0916062226562886
0.09082925682599985
0.09011332432403707
0.089471944080592
0.088910909815485
0.08842532167607686
0.08799625696555813
0.0875872852156605
0.08714196822279874
0.08658536541168615
0.0858344723981106
0.08482023728728949
0.08351318055413648
0.08193495999983957
0.08014712179781913
0.07822713936097392
0.07624555176033088
0.07424724311956865
0.07223023441471055
0.07011802485615787
0.06776158766386951
0.06504546096243385
0.06198143018466619
0.05864191425167453
0.0551072675143951
0.0514707516152626
0.047834269242187144
0.04430240383330819
0.0409885017684366
0.03802662948014035
0.03557883717468702
0.03382402953886832
0.03291596326692359
0.03292375088668642
0.03380387733050183
0.03543161183912602
0.03765758786984508
0.040346622615855754
0.04339094552637235
0.04670917260579621
0.0502408778811807
0.05394112532826867
0.057776157487932966
0.06172026758379845
0.06575359318273977
0.06986056684345421
0.07402882115593767
0.07824840612358308
0.08251122232646946
0.0868106046923316
0.09114101271120578
0.09549779688534565
0.09987702050572445
0.10427532209687085
0.10868980811984486
0.11311796844590649
0.11755760914987645
0.12200679860870256
0.12646382391626299
0.1309271553661735
0.13539541729500604
0.13986736397723698
0.14434185956023438
0.1488178612509743
0.1532944051353704
0.15777059414053562
0.16224558774990827
0.16671859315848536
0.1711888576156939
0.17565566175096325
0.1801183137143818
0.18457614399478173
0.18902850080124578
0.1934747459131656
0.19791425091934123
0.20234639377905417
0.20677055564802593
0.2111861179204002
0.2155924594444838
0.2199889538753208
0.22437496713148652
0.22874985492699462
0.233112960351892
0.23746361147722572
0.24180111896165846
0.24612477363805496
0.2504338440590219
0.2547275739805728
0.25900517976293846
0.26326584766690164
0.26750873102300776
0.27173294724946295
0.27593757469256985
0.28012164926075434
0.28428416081999064
0.28842404931411947
0.29254020056823116
0.29663144172682676
0.3006965362700704
0.30473417854138773
0.30874298770674935
0.3127215010499924
0.3166681664882449
0.32058133416593293
0.32445924695332495
0.3283000296339815
0.33210167651222466
0.3358620371033205
0.3395787994804631
0.3432494707384137
0.3468713538851844
0.35044152028127984
0.35395677649797674
0.35741362414803657
0.36080821083940195
0.36413626990393677
0.36739304596141986
0.3705732027320132
0.37367070892748044
0.3766786978292891
0.37958929696837584
0.3823934275796286
0.38508058213152685
0.38763860799569994
0.3900535671119165
0.392309824427183
0.39439067095478064
0.3962800397792168
0.39796620107262637
0.3994484652346797
0.40074694916235476
0.40191140675185544
0.40301768501808644
0.40414088139469584
0.4053198829917828
0.4065479669318086
0.4077924596052762
0.4090163991179474
0.4101885609267879
0.4112851576233161
0.41228857227408655
0.4131856907451028
0.41396656657921094
0.41462348724950493
0.41515035017607627
0.4155422498428121
0.4157952023186704
0.41590595762525595
0.4158718678362918
0.41569079038225976
0.41536101358048994
0.41488119639829835
0.41425031789333877
0.4134676343035806
0.4125326437690151
0.41144506036064055
0.41020480051166697
0.4088119859675272
0.4072669676937606
0.4055703743491459
0.4037231864491315
0.4017268329322996
0.3995833008216847
0.3972952423145957
0.39486605914385997
0.3922999438817607
0.3896018634171008
0.38677748031924075
0.3838330200826352
0.3807751022297494
0.3776105579170217
0.3743462554191117
0.3709889492957781
0.3675451618105128
0.36402109857136855
0.36042259566727
0.35675509301604036
0.3530236278285397
0.34923284241331176
0.34538700143916046
0.34149001484161223
0.3375454635727535
0.33355662624688165
0.3295265053997185
0.32545785257002624
0.32135319175952004
0.3172148410626465
0.3130449324118527
0.30884542947984084
0.3046181438365343
0.30036474948798597
0.2960867959367306
0.2917857199045657
0.2874628558537027
0.28311944543376155
0.2787566459716255
0.2743755381105104
0.26997713269378165
0.26556237697903207
0.26113216025853614
0.2566873189538197
0.2522286412444159
0.24775687128423085
0.24327271305301013
0.23877683388514193
0.23426986771369052
0.2297524180633772
0.22522506082315763
0.2206883468259062
0.21614280426045385
0.21158894093908298
0.2070272464420002
0.2024581941588952
0.19788224324680126
0.19329984052273907
0.1887114223092361
0.184117416250956
0.1795182431207274
0.1749143186342037
0.17030605529333576
0.16569386428051436
0.1610781574272897
0.15645934928458072
0.15183785932467275
0.14721411431029185
0.14258855087181432
0.13796161834155773
0.13333378190417156
0.12870552613548014
0.12407735902036432
0.11944981656577003
0.114823468162907
0.11019892291297317
0.10557683723606459
0.1009579242893266
0.09634296618536498
0.09173283122944564
0.08712850230132663
0.08253113828540481
0.0779422807160004
0.07336531786173549
0.06973666843847542
0.07292400020147793
0.07557255022389553
0.0770979711915949
0.07668084655314011
0.07428991246249916
0.07082255002822402
0.0669040910127392
0.06279643663865864
0.05861170896778933
0.05440726558527853
0.05022020778076097
0.046081715920606836
0.04202510468384091
0.03809299267021249
0.03434701795408346
0.03088411328369922
0.027864145414993047
0.025543847853048085
0.024253005920728654
0.024176014472871987
0.025114625667717494
0.02668481755992147
0.02862924725943472
0.030861892031091465
0.033378086887262626
0.036174546072654135
0.03921687458384193
0.0424399724393929
0.04575681011524724
0.0490659010622152
0.052266918737640555
0.05529768558907877
0.05816559105121888
0.06092024507904181
0.06359184960519793
0.06615280452874028
0.06850488776386676
0.07049642438569537
0.07202098540015989
0.07314100063329398
0.07403648107588445
0.07487073893114093
0.07574718636955646
0.07672167698801058
0.07781772939179143
0.07903425716988144
0.0803473486922397
0.08170779256833294
0.08303653257846388
0.0842261424893409
0.08516736900738575
0.0858070037722154
0.08618318456674956
0.08639033920806183
0.08652460813373208
0.08666048814674099
0.08685102125071564
0.08713361106202644
0.08753463450805388
0.08807210770762675
0.08875707366542418
0.08959434260803256
0.0905829502258726
0.09171646516144083
0.09298306029455405
0.09436491452444118
0.09583553657882238
0.09734992824622854
0.09880637623381487
0.09991425410938057
0.10024676809430463
0.10003817237207743
0.0996816270206104
0.09931959947737212
0.09899761933984941
0.09872573477560609
0.09848992512146948
0.09825085954134538
0.09794318908642774
0.09748997146125404
0.0968422013241752
0.09601528682815541
0.09507738173659197
0.09410738968622967
0.09316822557268312
0.09230188511130555
0.0915332669912976
0.09087484858451411
0.09033020029188332
0.08989639021082318
0.08956567506417468
0.08932678883395884
0.089166016238865
0.08906814915792793
0.0890173700644592
0.08899807595807463
0.08899563959514989
0.08899709588326843
0.08899173677887973
0.08897159648043651
0.08893180977967674
0.08887083007240726
0.08879049943790562
0.08869597056910372
0.0885954879537394
0.08850004227990738
0.08842291663212887
0.0883791453661491
0.08838490698234214
0.08845687165142557
0.08861152304484854
0.08886447304898315
0.08922978622083022
0.08971932694751938
0.09034213387281564
0.09110381044587257
0.09200589459832642
0.09304513258004476
0.09421253388518824
0.0954920439172815
0.09685871142748503
0.09827657584524196
0.099697664281436
0.101065854108489
0.10233057855271888
0.1034678141191101
0.10449077825783704
0.10543719750885483
0.10634617180393402
0.107243358558188
0.10813745181501222
0.10902248219426713
0.10988184203012352
0.11069258745770139
0.11142958950273663
0.11206898353871164
0.11259008074312238
0.11297524175400397
0.11320825236101584
0.11327272983885539
0.1131522613525382
0.11283323630394548
0.11230990635770866
0.11158945665796516
0.11069399604645547
0.10965780583958473
0.10852109341234151
0.10732303546104749
0.10609600660763352
0.10486117830215402
0.10362479152616277
0.10237495522049755
0.1010812491714983
0.09970321490931244
0.0982121849631783
0.09661432995615993
0.0949515452602423
0.09328104198744658
0.09165622986485644
0.0901192063772589
0.08870069984274664
0.08742217271220643
0.0862977966151055
0.08533582132492601
0.08453944874454589
0.08390741827128068
0.08343447040935636
0.08311179616960551
0.0829275288083533
0.0828672966446824
0.0829148308615979
0.083052608864981
0.08326250954586101
0.08352645855275753
0.08382704618209491
0.08414810503130798
0.08447523743851182
0.08479628340167267
0.08510171854452864
0.08538496981284105
0.08564263518167703
0.0858745937792067
0.08608399503904174
0.08627711970666496
0.08646311110751448
0.08665358107509835
0.08686210037595288
0.08710358764429849
0.08739361333970841
0.08774763574758548
0.08818018392436411
0.08870399635420512
0.08932911146786093
0.09006188364766032
0.09090386263906236
0.09185042655281084
0.09288901861773002
0.09399688664022943
0.0951386078460903
0.09626493562205507
0.09731701560657768
0.0982413618787561
0.09901327698679019
0.09965030145836273
0.10020027114541108
0.10071604374437904
0.10123743031905175
0.10178458700026738
0.10235578690305047
0.1029193008415847
0.10337715995363592
0.10345726645443999
0.10281058530335221
0.1016501056095528
0.10034481172474438
0.09905103150291339
0.09783044504959282
0.09671471995244829
0.09572404456100525
0.09487250316360463
0.094169589474701
0.09362046866161666
0.09322581934272645
0.0929815323830887
0.09287831369224087
0.0929010776710788
0.09302782679603983
0.09322744127498606
0.09345551039271527
0.09364762332684329
0.09371291765291279
0.09354205193369758
0.09305320755714153
0.09225527898927055
0.09124537868736482
0.09014310144206394
0.08904454223059322
0.08801439494913321
0.08709215696120687
0.08629849170417181
0.08563881171931609
0.08510420571644772
0.08466973584203252
0.0842892426421491
0.0838852961702159
0.08333690535052085
0.08248715533808237
0.08121457468713889
0.07952878869606472
0.07754782691664719
0.0753953789820061
0.0731478179125098
0.07082961962221912
0.06842270747605639
0.06588621849823184
0.06319155855881586
0.060353928046781746
0.05743111838140269
0.05449788357845442
0.051624819097588315
0.048869965224212386
0.04627637480124136
0.043870178475605925
0.041658612248580695
0.039631100824274235
0.03776795732987548
0.036059360867565005
0.03453196399975855
0.033273851196127247
0.03244078223892721
0.03221843019065407
0.032733966649305835
0.03398195626281897
0.03584372480348552
0.03816480524750432
0.04080921372637292
0.043673986285134525
0.04668465254399923
0.04978689919392831
0.052939511169667774
0.056109215674872814
0.059266889336884176
0.06238445792640768
0.06543186187175642
0.06837343745744029
0.071162932605219
0.07373625320067667
0.07600151702069091
0.07782906090645891
0.07905340975915909
0.07951149726602313
0.07912368922550161
0.07796275723093249
0.07632978028275347
0.07602943569758344
0.07888616260376019
0.08224139253684548
0.08559339170296631
0.08886511592971313
0.09202439327469047
0.09504762996955485
0.09791285841154451
0.10059800492493132
0.10308072415865954
0.10533899249163259
0.10735218651559375
0.10910242028922035
0.11057584621560768
0.1117635914059365
0.11266208706067449
0.11327274315541214
0.113601126972255
0.11365591526470897
0.1134478737231186
0.11298902160222468
0.1122920343640752
0.11136986618506839
0.11023554436460703
0.1089020867747168
0.10738250662499293
0.10568988617811037
0.10383751867549851
0.10183913589487936
0.09970926061142116
0.0974637545010415
0.09512068159150822
0.09270168725074779
0.09023421066716164
0.08775496535494298
0.08531496896566715
0.08298488788229541
0.0808536518370424
0.07900175380328811
0.07743621468272188
0.07604094840685693
0.07462822315574957
0.07304216438950206
0.07120650207632728
0.06911187574352873
0.06678644412342916
0.06427336501593484
0.06161868662982428
0.05886655267868601
0.05605837553427406
0.05323388338032409
0.05043302346695455
0.047698342558923024
0.04507777545580005
0.0426278512568139
0.04041715554962
0.03852928833751257
0.037063248178944797
0.036127244142229564
0.03582128622983394
0.03620914724926294
0.03729268849532108
0.03900758523775494
0.04124405304327805
0.043875152408794804
0.04677453776702212
0.049819177256154035
0.052883751495162765
0.05584175218738188
0.05858551223472091
0.06102915160753755
0.06306387223406518
0.06463793597801812
0.06592300989823534
0.06713725169528006
0.06837007349406188
0.06960325904890308
0.07075382514112061
0.07170210459295845
0.072329086142501
0.07257401320925982
0.07247551171716093
0.07214823453343477
0.07172190019220182
0.07130083108884389
0.07095429355037641
0.07072078379971636
0.07061477089496915
0.07063257930553224
0.0707573431746118
0.07096357807396458
0.07122173609043081
0.0715027701695341
0.07178241668482421
0.07204471249620692
0.07228426491490669
0.07250696842242021
0.07272910522438902
0.07297499292141385
0.0732735334394059
0.07365414972912276
0.07414260301280695
0.07475701726581718
0.07550412652652483
0.07637537174791387
0.07734208981060853
0.07834891392355914
0.07930567680360756
0.08008348238651308
0.08053262623551039
0.08054180078822792
0.08010738264114625
0.07933232152736469
0.07835610407881166
0.07729586687161483
0.07622797440153839
0.07519120321910489
0.07419550878576953
0.07323227270342514
0.07228628674537685
0.07134814493186692
0.07042264755311489
0.06952946308976671
0.06869724677249067
0.0679560032692006
0.06733145395594864
0.06684232783155153
0.06649982414656641
0.06630820120914382
0.06626569655303705
0.06636529413575598
0.06659512608637108
0.06693854069658123
0.06737406739488883
0.06787559819369804
0.06841299400939782
0.06895295557229719
0.06945949073607949
0.06989321641480561
0.07021018652694444
0.07036474317696406
0.07032364706407446
0.07008959043357077
0.06971212829658757
0.06926841421884156
0.06882858765102551
0.06842699243915563
0.06803975833204727
0.06756656388607193
0.06686177416022449
0.0658703335568348
0.06466853517385449
0.06330632464966496
0.06171915510486731
0.05977967149264915
0.05743606555933245
0.054780538959439316
0.05196419141041719
0.04911727196965554
0.046338814883394974
0.04370966155995504
0.0413031495121885
0.03918932960517196
0.03743275108088184
0.03608422726611682
0.03516880886585838
0.034675259562138905
0.03455309527357997
0.034719109005551196
0.03506965114699767
0.035493504168357504
0.03588331550895152
0.03614689297994378
0.03621970402854924
0.036076213152510306
0.035733498732283486
0.03524157250494575
0.03466248578328024
0.03404825683011303
0.03342859257932229
0.03281258070630244
0.032200025643964736
0.0315948424831749
0.031015444984424434
0.0305004955157564
0.03010916651554929
0.029913383293243
0.029978725694169484
0.030336586047202907
0.03096321754261311
0.0317851099612394
0.032711518120408734
0.03367430598725374
0.03465417450365571
0.035683131071482244
0.03682511844446523
0.03814621320034384
0.039687584957181166
0.04144778780327929
0.043371891546064134
0.04534270019506943
0.04719236448146852
0.04879462968469744
0.050177390225999104
0.0514355471572648
0.05254544292786879
0.053245282760209026
0.05319893967755862
0.05260843404745094
0.051912173293101146
0.05134839212931208
0.05102385492181938
0.05098187133892207
0.05121582461269242
0.05165305597377337
0.052090623682227895
0.05208936931527833
0.05137677668046957
0.050342174229991724
0.049351678342374
0.048573327617011365
0.04808581021854841
0.04791769134972539
0.048054337256710156
0.04842731267139945
0.04883730095182896
0.04868443345138426
0.047601340628500605
0.046187327240638884
0.044717212701334226
0.04314510648033658
0.04134924877213238
0.03938059944943199
0.03743575335543338
0.03567163038187626
0.034156136849068375
0.03288180905402793
0.03178430819473199
0.030767484777156184
0.02973702131245126
0.028633667491019033
0.027452534962560726
0.026241813426514327
0.025087606651558403
0.024097882764365863
0.023390933714160234
0.023079347367556124
0.02323566829759649
0.023847843527313728
0.024808154858192686
0.025976079581959986
0.02728435465325388
0.02876174154698094
0.030417736605564422
0.032102833578444664
0.03341255959207631
0.03388114605623521
0.03363400176196533
0.03307870500597218
0.03230663558398515
0.0313781196938325
0.030294010649893927
0.028985072554285913
0.027639845017901926
0.02644626198626597
0.025380837375288498
0.02432977827102073
0.023276692321520305
0.02238975586355187
0.021949641846610836
0.02216005833077184
0.022562811412425852
0.022352621819088904
0.02168605342606203
0.01975166806061076
0.01787049482166428
0.016524526711278572
0.015301703255178536
0.013960930633577225
0.012822759140207727
0.010754738731236125
0.007726275293966543
0.004337547040246907
0.00587850869432153
0.009996225748591537
0.014610748967574805
0.019392031047394714
0.02424964070877901
0.029148739460025275
0.034073013544128866
0.039013780248795385
0.04396597864280563
0.0489264513134839
0.05389312158688589
0.0588645646997641
0.06383976880478182
0.06881799432706355
0.07379868738214519
0.07878142441128648
0.08376587561077821
0.08875178008805795
0.09373892856563844
0.09872715107701227
0.10371630804440857
0.10870628369716538
0.11369698114133653
0.11868831861454676
0.12368022660493969
0.12867264560918054
0.13366552436921347
0.13865881847202377
0.14365248922765927
0.14864650276272984
0.15364082928235392
0.15863544246492606
0.16363031896248434
0.16862543798566654
0.17362078095690378
0.17861633121906184
0.18361207378935265
0.18860799515052273
0.19360408307280114
0.19860032646145134
0.20359671522569722
0.20859324016556754
0.2135898928738743
0.218586665650991
0.2235835514304818
0.22858054371405112
0.23357763651440355
0.23857482430496302
0.2435721019754663
0.24856946479265518
0.25356690836539575
0.2585644286136338
0.26356202174072324
0.26855968420867593
0.2735574127160057
0.2785552041778331
0.2835530557079863
0.28855096460288043
0.29354892832695334
0.2985469444994851
0.3035450108826784
0.3085431253708098
0.31354128598039177
0.31853949084119115
0.32353773818805953
0.3285360263534579
0.3335343537606224
0.33853271891730424
0.3435311204100311
0.348529556898836
0.35352802711240205
0.3585265298436106
0.36352506394541245
0.36852362832704577
0.37352222195051343
0.37852084382735013
0.38351949301560717
0.38851816861708066
0.3935168697747079
0.3985155956701909
0.40351434552174803
0.40851311858204553
0.41351191413625943
0.4185107315002782
0.4235095700190154
0.4285084290648432
0.4335073080361203
0.4385062063558239
0.4435051234702617
0.448504058847867
0.45350301197806786
0.45850198237023276
0.4635009695526716
0.4684999730717042
0.47349899249077926
0.4784980273896483
0.48349707736358816
0.48849614202266534
0.4934952209910446
0.498494313906341
0.5034934204190002
0.5084925401917151
0.5134916728988819
0.5184908182260762
0.5234899758695623
0.5284891455358314
0.5334883269411531
0.5384875198111664
0.5434867238804765
0.5484859388922811
0.5534851645980182
0.5584844007570235
0.5634836471362041
0.5684829035097463
0.5734821696588073
0.5784814453712535
0.5834807304413914
0.5884800246697098
0.5934793278626573
0.5984786398323989
0.6034779603966037
0.6084772893782452
0.6134766266053959
0.6184759719110375
0.6234753251328868
0.6284746861132209
0.6334740546987099
0.6384734307402659
0.6434728140928851
0.6484722046155127
0.6534716021708953
0.658471006625458
0.6634704178491724
0.6684698357154372
0.6734692601009633
0.6784686908856588
0.6834681279525291
0.6884675711875692
0.6934670204796668
0.6984664757205068
0.7034659368044842
0.7084654036286144
0.7134648760924518
0.7184643540980047
0.7234638375496643
0.7284633263541254
