2 1 1
2 2 62
2 3 1
2 4 1
2 5 1
2 6 1
2 7 7
2 8 14
2 9 3500
3 1 1
3 2 62
3 3 1
3 4 1
3 5 1
3 6 1
3 7 7
3 8 14
3 9 3500
4 1 1
4 2 62
4 3 1
4 4 1
4 5 1
4 6 1
4 7 7
4 8 14
4 9 3500
5 1 1
5 2 63
5 3 1
5 4 1
5 5 1
5 6 1
5 7 7
5 8 14
5 9 3500
6 1 1
6 2 63
6 3 1
6 4 1
6 5 1
6 6 1
6 7 7
6 8 14
6 9 3500
7 1 1
7 2 63
7 3 1
7 4 1
7 5 1
7 6 1
7 7 7
7 8 14
7 9 3500
8 1 1
8 2 63
8 3 1
8 4 1
8 5 1
8 6 1
8 7 7
8 8 14
8 9 3500
9 1 1
9 2 64
9 3 1
9 4 1
9 5 1
9 6 1
9 7 7
9 8 14
9 9 3500
10 1 1
10 2 64
10 3 1
10 4 1
10 5 1
10 6 1
10 7 7
10 8 14
10 9 3500
11 1 1
11 2 64
11 3 1
11 4 1
11 5 1
11 6 1
11 7 7
11 8 14
11 9 3500
12 1 1
12 2 65
12 3 1
12 4 1
12 5 1
12 6 1
12 7 7
12 8 14
12 9 3500
13 1 1
13 2 65
13 3 1
13 4 1
13 5 1
13 6 1
13 7 7
13 8 14
13 9 3500
14 1 1
14 2 65
14 3 1
14 4 1
14 5 1
14 6 1
14 7 7
14 8 14
14 9 3500
15 1 1
15 2 65
15 3 1
15 4 1
15 5 1
15 6 1
15 7 7
15 8 14
15 9 3500
16 1 1
16 2 66
16 3 1
16 4 1
16 5 1
16 6 1
16 7 7
16 8 14
16 9 3500
17 1 1
17 2 66
17 3 1
17 4 1
17 5 1
17 6 1
17 7 7
17 8 14
17 9 3500
18 1 1
18 2 66
18 3 1
18 4 1
18 5 1
18 6 1
18 7 7
18 8 14
18 9 3500
19 1 1
19 2 67
19 3 1
19 4 1
19 5 1
19 6 1
19 7 7
19 8 14
19 9 3500
20 1 1
20 2 67
20 3 1
20 4 1
20 5 1
20 6 1
20 7 7
20 8 14
20 9 3500
21 1 1
21 2 67
21 3 1
21 4 1
21 5 1
21 6 1
21 7 7
21 8 14
21 9 3500
22 1 1
22 2 67
22 3 1
22 4 1
22 5 1
22 6 1
22 7 7
22 8 14
22 9 3500
23 1 1
23 2 68
23 3 1
23 4 1
23 5 1
23 6 1
23 7 6
23 8 12
23 9 3000
24 1 1
24 2 68
24 3 1
24 4 1
24 5 1
24 6 1
24 7 6
24 8 12
24 9 3000
25 1 1
25 2 68
25 3 1
25 4 1
25 5 1
25 6 1
25 7 6
25 8 12
25 9 3000
26 1 1
26 2 68
26 3 1
26 4 1
26 5 1
26 6 1
26 7 6
26 8 12
26 9 3000
27 1 1
27 2 69
27 3 1
27 4 1
27 5 1
27 6 1
27 7 6
27 8 12
27 9 3000
28 1 1
28 2 69
28 3 1
28 4 1
28 5 1
28 6 1
28 7 6
28 8 12
28 9 3000
29 1 1
29 2 69
29 3 1
29 4 1
29 5 1
29 6 1
29 7 6
29 8 12
29 9 3000
30 1 1
30 2 69
30 3 1
30 4 1
30 5 1
30 6 1
30 7 6
30 8 12
30 9 3000
31 1 1
31 2 70
31 3 1
31 4 1
31 5 1
31 6 1
31 7 6
31 8 12
31 9 3000
32 1 1
32 2 70
32 3 1
32 4 1
32 5 1
32 6 1
32 7 6
32 8 12
32 9 3000
33 1 1
33 2 70
33 3 1
33 4 1
33 5 1
33 6 1
33 7 6
33 8 12
33 9 3000
34 1 1
34 2 70
34 3 1
34 4 1
34 5 1
34 6 1
34 7 6
34 8 12
34 9 3000
35 1 1
35 2 70
35 3 1
35 4 1
35 5 1
35 6 1
35 7 6
35 8 12
35 9 3000
36 1 1
36 2 71
36 3 1
36 4 1
36 5 1
36 6 1
36 7 6
36 8 12
36 9 3000
37 1 1
37 2 71
37 3 1
37 4 1
37 5 1
37 6 1
37 7 6
37 8 12
37 9 3000
38 1 1
38 2 71
38 3 1
38 4 1
38 5 1
38 6 1
38 7 6
38 8 12
38 9 3000
39 1 1
39 2 71
39 3 1
39 4 1
39 5 1
39 6 1
39 7 6
39 8 12
39 9 3000
40 1 1
40 2 72
40 3 1
40 4 1
40 5 1
40 6 1
40 7 6
40 8 12
40 9 3000
41 1 1
41 2 72
41 3 1
41 4 1
41 5 1
41 6 1
41 7 6
41 8 12
41 9 3000
42 1 1
42 2 72
42 3 1
42 4 1
42 5 1
42 6 1
42 7 6
42 8 12
42 9 3000
43 1 1
43 2 72
43 3 1
43 4 1
43 5 1
43 6 1
43 7 6
43 8 12
43 9 3000
44 1 1
44 2 73
44 3 1
44 4 1
44 5 1
44 6 1
44 7 6
44 8 12
44 9 3000
45 1 1
45 2 73
45 3 1
45 4 1
45 5 1
45 6 1
45 7 6
45 8 12
45 9 3000
46 1 1
46 2 73
46 3 1
46 4 1
46 5 1
46 6 1
46 7 6
46 8 12
46 9 3000
47 1 1
47 2 73
47 3 1
47 4 1
47 5 1
47 6 1
47 7 6
47 8 12
47 9 3000
48 1 1
48 2 74
48 3 1
48 4 1
48 5 1
48 6 1
48 7 6
48 8 12
48 9 3000
49 1 1
49 2 74
49 3 1
49 4 1
49 5 1
49 6 1
49 7 6
49 8 12
49 9 3000
50 1 1
50 2 74
50 3 1
50 4 1
50 5 1
50 6 1
50 7 6
50 8 12
50 9 3000
51 1 1
51 2 74
51 3 1
51 4 1
51 5 1
51 6 1
51 7 6
51 8 12
51 9 3000
52 1 1
52 2 75
52 3 1
52 4 1
52 5 1
52 6 1
52 7 6
52 8 12
52 9 3000
53 1 1
53 2 75
53 3 1
53 4 1
53 5 1
53 6 1
53 7 6
53 8 12
53 9 3000
54 1 1
54 2 75
54 3 1
54 4 1
54 5 1
54 6 1
54 7 6
54 8 12
54 9 3000
55 1 1
55 2 75
55 3 1
55 4 1
55 5 1
55 6 1
55 7 6
55 8 12
55 9 3000
56 1 1
56 2 76
56 3 1
56 4 1
56 5 1
56 6 1
56 7 6
56 8 12
56 9 3000
57 1 1
57 2 76
57 3 1
57 4 1
57 5 1
57 6 1
57 7 6
57 8 12
57 9 3000
58 1 1
58 2 76
58 3 1
58 4 1
58 5 1
58 6 1
58 7 6
58 8 12
58 9 3000
59 1 1
59 2 76
59 3 1
59 4 1
59 5 1
59 6 1
59 7 6
59 8 12
59 9 3000
60 1 1
60 2 76
60 3 1
60 4 1
60 5 1
60 6 1
60 7 6
60 8 12
60 9 3000
61 1 1
61 2 77
61 3 1
61 4 1
61 5 1
61 6 1
61 7 6
61 8 12
61 9 3000
62 1 1
62 2 77
62 3 1
62 4 1
62 5 1
62 6 1
62 7 6
62 8 12
62 9 3000
63 1 1
63 2 77
63 3 1
63 4 1
63 5 1
63 6 1
63 7 6
63 8 12
63 9 3000
64 1 1
64 2 77
64 3 1
64 4 1
64 5 1
64 6 1
64 7 6
64 8 12
64 9 3000
65 1 1
65 2 78
65 3 1
65 4 1
65 5 1
65 6 1
65 7 6
65 8 12
65 9 3000
66 1 1
66 2 78
66 3 1
66 4 1
66 5 1
66 6 1
66 7 6
66 8 12
66 9 3000
67 1 1
67 2 78
67 3 1
67 4 1
67 5 1
67 6 1
67 7 6
67 8 12
67 9 3000
68 1 1
68 2 78
68 3 1
68 4 1
68 5 1
68 6 1
68 7 6
68 8 12
68 9 3000
69 1 1
69 2 79
69 3 1
69 4 1
69 5 1
69 6 1
69 7 6
69 8 12
69 9 3000
70 1 1
70 2 79
70 3 1
70 4 1
70 5 1
70 6 1
70 7 6
70 8 12
70 9 3000
71 1 1
71 2 79
71 3 1
71 4 1
71 5 1
71 6 1
71 7 6
71 8 12
71 9 3000
72 1 1
72 2 79
72 3 1
72 4 1
72 5 1
72 6 1
72 7 6
72 8 12
72 9 3000
73 1 1
73 2 80
73 3 1
73 4 1
73 5 1
73 6 1
73 7 6
73 8 12
73 9 3000
74 1 1
74 2 80
74 3 1
74 4 1
74 5 1
74 6 1
74 7 6
74 8 12
74 9 3000
75 1 1
75 2 80
75 3 1
75 4 1
75 5 1
75 6 1
75 7 6
75 8 12
75 9 3000
76 1 1
76 2 80
76 3 1
76 4 1
76 5 1
76 6 1
76 7 6
76 8 12
76 9 3000
77 1 1
77 2 81
77 3 1
77 4 1
77 5 1
77 6 1
77 7 6
77 8 12
77 9 3000
78 1 1
78 2 81
78 3 1
78 4 1
78 5 1
78 6 1
78 7 6
78 8 12
78 9 3000
79 1 1
79 2 81
79 3 1
79 4 1
79 5 1
79 6 1
79 7 6
79 8 12
79 9 3000
80 1 1
80 2 81
80 3 1
80 4 1
80 5 1
80 6 1
80 7 6
80 8 12
80 9 3000
81 1 1
81 2 82
81 3 1
81 4 1
81 5 1
81 6 1
81 7 6
81 8 12
81 9 3000
82 1 1
82 2 82
82 3 1
82 4 1
82 5 1
82 6 1
82 7 5
82 8 10
82 9 2500
83 1 1
83 2 82
83 3 1
83 4 1
83 5 1
83 6 1
83 7 5
83 8 10
83 9 2500
84 1 1
84 2 82
84 3 1
84 4 1
84 5 1
84 6 1
84 7 5
84 8 10
84 9 2500
85 1 1
85 2 82
85 3 1
85 4 1
85 5 1
85 6 1
85 7 5
85 8 10
85 9 2500
86 1 1
86 2 83
86 3 1
86 4 1
86 5 1
86 6 1
86 7 5
86 8 10
86 9 2500
87 1 1
87 2 83
87 3 1
87 4 1
87 5 1
87 6 1
87 7 5
87 8 10
87 9 2500
88 1 1
88 2 83
88 3 1
88 4 1
88 5 1
88 6 1
88 7 5
88 8 10
88 9 2500
89 1 1
89 2 83
89 3 1
89 4 1
89 5 1
89 6 1
89 7 5
89 8 10
89 9 2500
90 1 1
90 2 83
90 3 1
90 4 1
90 5 1
90 6 1
90 7 5
90 8 10
90 9 2500
91 1 1
91 2 84
91 3 1
91 4 1
91 5 1
91 6 1
91 7 5
91 8 10
91 9 2500
92 1 1
92 2 84
92 3 1
92 4 1
92 5 1
92 6 1
92 7 5
92 8 10
92 9 2500
93 1 1
93 2 84
93 3 1
93 4 1
93 5 1
93 6 1
93 7 5
93 8 10
93 9 2500
94 1 1
94 2 84
94 3 1
94 4 1
94 5 1
94 6 1
94 7 5
94 8 10
94 9 2500
95 1 1
95 2 84
95 3 1
95 4 1
95 5 1
95 6 1
95 7 5
95 8 10
95 9 2500
96 1 1
96 2 85
96 3 1
96 4 1
96 5 1
96 6 1
96 7 5
96 8 10
96 9 2500
97 1 1
97 2 85
97 3 1
97 4 1
97 5 1
97 6 1
97 7 5
97 8 10
97 9 2500
98 1 1
98 2 85
98 3 1
98 4 1
98 5 1
98 6 1
98 7 5
98 8 10
98 9 2500
99 1 1
99 2 85
99 3 1
99 4 1
99 5 1
99 6 1
99 7 5
99 8 10
99 9 2500
100 1 1
100 2 85
100 3 1
100 4 1
100 5 1
100 6 1
100 7 5
100 8 10
100 9 2500
101 1 1
101 2 86
101 3 1
101 4 1
101 5 1
101 6 1
101 7 5
101 8 10
101 9 2500
102 1 1
102 2 86
102 3 1
102 4 1
102 5 1
102 6 1
102 7 5
102 8 10
102 9 2500
103 1 1
103 2 86
103 3 1
103 4 1
103 5 1
103 6 1
103 7 5
103 8 10
103 9 2500
104 1 1
104 2 86
104 3 1
104 4 1
104 5 1
104 6 1
104 7 5
104 8 10
104 9 2500
105 1 1
105 2 86
105 3 1
105 4 1
105 5 1
105 6 1
105 7 5
105 8 10
105 9 2500
106 1 1
106 2 87
106 3 1
106 4 1
106 5 1
106 6 1
106 7 5
106 8 10
106 9 2500
107 1 1
107 2 87
107 3 1
107 4 1
107 5 1
107 6 1
107 7 5
107 8 10
107 9 2500
108 1 1
108 2 87
108 3 1
108 4 1
108 5 1
108 6 1
108 7 5
108 8 10
108 9 2500
109 1 1
109 2 87
109 3 1
109 4 1
109 5 1
109 6 1
109 7 5
109 8 10
109 9 2500
110 1 1
110 2 87
110 3 1
110 4 1
110 5 1
110 6 1
110 7 5
110 8 10
110 9 2500
111 1 1
111 2 88
111 3 1
111 4 1
111 5 1
111 6 1
111 7 5
111 8 10
111 9 2500
112 1 1
112 2 88
112 3 1
112 4 1
112 5 1
112 6 1
112 7 5
112 8 10
112 9 2500
113 1 1
113 2 88
113 3 1
113 4 1
113 5 1
113 6 1
113 7 5
113 8 10
113 9 2500
114 1 1
114 2 88
114 3 1
114 4 1
114 5 1
114 6 1
114 7 5
114 8 10
114 9 2500
115 1 1
115 2 88
115 3 1
115 4 1
115 5 1
115 6 1
115 7 5
115 8 10
115 9 2500
116 1 1
116 2 89
116 3 1
116 4 1
116 5 1
116 6 1
116 7 5
116 8 10
116 9 2500
117 1 1
117 2 89
117 3 1
117 4 1
117 5 1
117 6 1
117 7 5
117 8 10
117 9 2500
118 1 1
118 2 89
118 3 1
118 4 1
118 5 1
118 6 1
118 7 5
118 8 10
118 9 2500
119 1 1
119 2 89
119 3 1
119 4 1
119 5 1
119 6 1
119 7 5
119 8 10
119 9 2500
120 1 1
120 2 89
120 3 1
120 4 1
120 5 1
120 6 1
120 7 5
120 8 10
120 9 2500
121 1 1
121 2 90
121 3 1
121 4 1
121 5 1
121 6 1
121 7 5
121 8 10
121 9 2500
122 1 1
122 2 90
122 3 1
122 4 1
122 5 1
122 6 1
122 7 5
122 8 10
122 9 2500
123 1 1
123 2 90
123 3 1
123 4 1
123 5 1
123 6 1
123 7 5
123 8 10
123 9 2500
124 1 1
124 2 90
124 3 1
124 4 1
124 5 1
124 6 1
124 7 5
124 8 10
124 9 2500
125 1 1
125 2 90
125 3 1
125 4 1
125 5 1
125 6 1
125 7 5
125 8 10
125 9 2500
126 1 1
126 2 91
126 3 1
126 4 1
126 5 1
126 6 1
126 7 5
126 8 10
126 9 2500
127 1 1
127 2 91
127 3 1
127 4 1
127 5 1
127 6 1
127 7 5
127 8 10
127 9 2500
128 1 1
128 2 91
128 3 1
128 4 1
128 5 1
128 6 1
128 7 5
128 8 10
128 9 2500
129 1 1
129 2 91
129 3 1
129 4 1
129 5 1
129 6 1
129 7 5
129 8 10
129 9 2500
130 1 1
130 2 91
130 3 1
130 4 1
130 5 1
130 6 1
130 7 5
130 8 10
130 9 2500
131 1 1
131 2 92
131 3 1
131 4 1
131 5 1
131 6 1
131 7 5
131 8 10
131 9 2500
132 1 1
132 2 92
132 3 1
132 4 1
132 5 1
132 6 1
132 7 5
132 8 10
132 9 2500
133 1 1
133 2 92
133 3 1
133 4 1
133 5 1
133 6 1
133 7 5
133 8 10
133 9 2500
134 1 1
134 2 92
134 3 1
134 4 1
134 5 1
134 6 1
134 7 5
134 8 10
134 9 2500
135 1 1
135 2 92
135 3 1
135 4 1
135 5 1
135 6 1
135 7 5
135 8 10
135 9 2500
136 1 1
136 2 93
136 3 1
136 4 1
136 5 1
136 6 1
136 7 5
136 8 10
136 9 2500
137 1 1
137 2 93
137 3 1
137 4 1
137 5 1
137 6 1
137 7 5
137 8 10
137 9 2500
138 1 1
138 2 93
138 3 1
138 4 1
138 5 1
138 6 1
138 7 5
138 8 10
138 9 2500
139 1 1
139 2 93
139 3 1
139 4 1
139 5 1
139 6 1
139 7 5
139 8 10
139 9 2500
140 1 1
140 2 93
140 3 1
140 4 1
140 5 1
140 6 1
140 7 5
140 8 10
140 9 2500
141 1 1
141 2 94
141 3 1
141 4 1
141 5 1
141 6 1
141 7 5
141 8 10
141 9 2500
142 1 1
142 2 94
142 3 1
142 4 1
142 5 1
142 6 1
142 7 5
142 8 10
142 9 2500
143 1 1
143 2 94
143 3 1
143 4 1
143 5 1
143 6 1
143 7 5
143 8 10
143 9 2500
144 1 1
144 2 94
144 3 1
144 4 1
144 5 1
144 6 1
144 7 5
144 8 10
144 9 2500
145 1 1
145 2 94
145 3 1
145 4 1
145 5 1
145 6 1
145 7 5
145 8 10
145 9 2500
146 1 1
146 2 95
146 3 1
146 4 1
146 5 1
146 6 1
146 7 5
146 8 10
146 9 2500
147 1 1
147 2 95
147 3 1
147 4 1
147 5 1
147 6 1
147 7 5
147 8 10
147 9 2500
148 1 1
148 2 95
148 3 1
148 4 1
148 5 1
148 6 1
148 7 5
148 8 10
148 9 2500
149 1 1
149 2 95
149 3 1
149 4 1
149 5 1
149 6 1
149 7 5
149 8 10
149 9 2500
150 1 1
150 2 95
150 3 1
150 4 1
150 5 1
150 6 1
150 7 5
150 8 10
150 9 2500
151 1 1
151 2 96
151 3 1
151 4 1
151 5 1
151 6 1
151 7 5
151 8 10
151 9 2500
152 1 1
152 2 96
152 3 1
152 4 1
152 5 1
152 6 1
152 7 5
152 8 10
152 9 2500
153 1 1
153 2 96
153 3 1
153 4 1
153 5 1
153 6 1
153 7 5
153 8 10
153 9 2500
154 1 1
154 2 96
154 3 1
154 4 1
154 5 1
154 6 1
154 7 5
154 8 10
154 9 2500
155 1 1
155 2 96
155 3 1
155 4 1
155 5 1
155 6 1
155 7 5
155 8 10
155 9 2500
156 1 1
156 2 97
156 3 1
156 4 1
156 5 1
156 6 1
156 7 5
156 8 10
156 9 2500
157 1 1
157 2 97
157 3 1
157 4 1
157 5 1
157 6 1
157 7 5
157 8 10
157 9 2500
158 1 1
158 2 97
158 3 1
158 4 1
158 5 1
158 6 1
158 7 5
158 8 10
158 9 2500
159 1 1
159 2 97
159 3 1
159 4 1
159 5 1
159 6 1
159 7 5
159 8 10
159 9 2500
160 1 1
160 2 97
160 3 1
160 4 1
160 5 1
160 6 1
160 7 5
160 8 10
160 9 2500
161 1 1
161 2 98
161 3 1
161 4 1
161 5 1
161 6 1
161 7 5
161 8 10
161 9 2500
162 1 1
162 2 98
162 3 1
162 4 1
162 5 1
162 6 1
162 7 5
162 8 10
162 9 2500
163 1 1
163 2 98
163 3 1
163 4 1
163 5 1
163 6 1
163 7 5
163 8 10
163 9 2500
164 1 1
164 2 98
164 3 1
164 4 1
164 5 1
164 6 1
164 7 5
164 8 10
164 9 2500
165 1 1
165 2 98
165 3 1
165 4 1
165 5 1
165 6 1
165 7 5
165 8 10
165 9 2500
166 1 1
166 2 99
166 3 1
166 4 1
166 5 1
166 6 1
166 7 5
166 8 10
166 9 2500
167 1 1
167 2 99
167 3 1
167 4 1
167 5 1
167 6 1
167 7 5
167 8 10
167 9 2500
168 1 1
168 2 99
168 3 1
168 4 1
168 5 1
168 6 1
168 7 5
168 8 10
168 9 2500
169 1 1
169 2 99
169 3 1
169 4 1
169 5 1
169 6 1
169 7 5
169 8 10
169 9 2500
170 1 1
170 2 99
170 3 1
170 4 1
170 5 1
170 6 1
170 7 5
170 8 10
170 9 2500
171 1 1
171 2 100
171 3 1
171 4 1
171 5 1
171 6 1
171 7 5
171 8 10
171 9 2500
172 1 1
172 2 100
172 3 1
172 4 1
172 5 1
172 6 1
172 7 5
172 8 10
172 9 2500
173 1 1
173 2 100
173 3 1
173 4 1
173 5 1
173 6 1
173 7 5
173 8 10
173 9 2500
174 1 1
174 2 100
174 3 1
174 4 1
174 5 1
174 6 1
174 7 5
174 8 10
174 9 2500
175 1 1
175 2 100
175 3 1
175 4 1
175 5 1
175 6 1
175 7 5
175 8 10
175 9 2500
176 1 1
176 2 101
176 3 1
176 4 1
176 5 1
176 6 1
176 7 5
176 8 10
176 9 2500
177 1 1
177 2 101
177 3 1
177 4 1
177 5 1
177 6 1
177 7 5
177 8 10
177 9 2500
178 1 1
178 2 101
178 3 1
178 4 1
178 5 1
178 6 1
178 7 5
178 8 10
178 9 2500
179 1 1
179 2 101
179 3 1
179 4 1
179 5 1
179 6 1
179 7 5
179 8 10
179 9 2500
180 1 1
180 2 101
180 3 1
180 4 1
180 5 1
180 6 1
180 7 5
180 8 10
180 9 2500
181 1 1
181 2 101
181 3 1
181 4 1
181 5 1
181 6 1
181 7 4
181 8 8
181 9 2000
